TIME,CNH2,DNBR,DTHY,DWB,EBK,FRCL,FRZR,HLW,HTR,HUP,LSGA,LSGB,LVCR,LVPZ,LWRB,MBK,MCRT,MDBR,MGAS,MH2,NSGA,NSGB,P,PPM,PRB,PRBA,PSGA,PSGB,PWNT,PWR,QFCL,QMGA,QMGB,QMWT,QRHR,RBLK,RC131,RC87,RH,RHBR,RHFL,RHMT,RHRD,RM1,RM2,RM3,RM4,RRCA,RRCB,RRCO,SCMA,SCMB,SGLK,STRB,STSG,STTB,TAVG,TBLD,TCA,TCB,TCRT,TDBR,TF,TFPK,TFSB,THA,THB,TKLV,TPCT,TRB,TSAT,TSLP,VOID,VOL,WBK,WCFT,WCHG,WCSP,WECS,WFLB,WFWA,WFWB,WHPI,WLD,WLPI,WLR,WRCA,WRCB,WRLA,WRLB,WSPY,WSTA,WSTB,WTRA,WTRB,WUP
0.0,0.0,2.3000001907348633,0.0001689466880634,1.691944635240361e-05,0.0,0.0,0.0,1290.2734375,0.0,2582.676025390625,11.830000877380373,11.830000877380373,7.924896240234375,62.0,0.0999999940395355,0.0,0.0,0.0,0.0,0.0,50.0,50.0,155.50001525878906,200.0,1.034000039100647,0.9067617654800416,67.00003051757812,67.00004577636719,100.0,100.0,0.0,971.0827026367188,1942.0826416015625,2895.0,0.0,0.6668071150779724,114276.53125,5655.8173828125,0.0,-0.0,-0.0,-0.0,0.0,0.0010999999940395,0.0220000017434358,0.0329999960958957,0.0439999997615814,1.0,1.0,1.0000001192092896,17.16834259033203,17.16908836364746,0.0,0.021269055083394,0.0,3.1392715754918754e-05,310.0,100.0,292.1760559082031,292.1767883300781,50.0,50.0,788.9000244140625,788.9000244140625,788.9000244140625,327.823974609375,327.8232116699219,1600.0,549.4500122070312,50.0,344.9923095703125,50.0,2.973992195620667e-06,289.6449890136719,0.0,0.0,23.700000762939453,0.0,23.700000762939453,0.0,1915.810302734375,3831.62060546875,0.0,23.700000762939453,0.0,0.0,16515.818359375,33031.63671875,0.0,0.0,0.0,1915.86474609375,3831.56591796875,0.0,0.0,0.0
10.0,0.0,2.29229736328125,0.0001689466880634,1.691944635240361e-05,0.0,0.0,0.0,1290.1939697265625,8.083569563801886,2582.7587890625,11.830055236816406,11.830069541931152,7.924896240234375,61.952762603759766,0.0999999940395355,0.0,0.0,0.0,0.0,0.0,49.933799743652344,49.93341445922851,155.4730682373047,200.0,1.034000039100647,0.9067617654800416,66.98776245117188,66.98779296875,100.30370330810548,100.33602905273438,0.0,970.938720703125,1941.7861328125,2904.72802734375,0.0,14.002949714660645,114276.53125,5655.8173828125,-0.0005516348755918,-0.0,-0.0025064393412321,0.0019548044074326,0.0,0.0010999999940395,0.0220000017434358,0.0329999960958957,0.0439999997615814,1.0,1.0,1.0000001192092896,17.169597625732422,17.17044448852539,0.0,0.021269055083394,0.0,3.1392715754918754e-05,309.9831848144531,100.0,292.1593017578125,292.1600646972656,50.0,50.0,790.4913940429688,790.4913940429688,790.467529296875,327.8082580566406,327.80743408203125,1600.0,550.23681640625,50.0,344.9778747558594,50.0,2.770480932667851e-06,289.626220703125,0.0,0.0,23.40960693359375,0.0,23.40960693359375,0.0,1917.3016357421875,3834.582275390625,0.0,23.700000762939453,0.0,0.0,16515.818359375,33031.63671875,0.0,0.0,0.0,1915.8453369140625,3831.58544921875,0.0,0.0,0.0
20.0,0.0,2.294464349746704,0.0001689466880634,1.691944635240361e-05,0.0,0.0,0.0,1290.1768798828125,7.808814787791006,2582.756103515625,11.830361366271973,11.830388069152832,7.924896240234375,61.95402145385742,0.0999999940395355,0.0,0.0,0.0,0.0,0.0,49.95634841918945,49.95610809326172,155.47216796875,200.0,1.034000039100647,0.9067617654800416,66.98538208007812,66.98542022705078,100.2861099243164,100.24127197265624,0.0,970.97314453125,1941.854248046875,2901.98486328125,0.0,27.339092254638672,114276.53125,5655.8173828125,0.0004323715693317,-0.0,-0.0017903748666867,0.0022227463778108,0.0,0.0010999999940395,0.0220000017434358,0.0329999960958957,0.0439999997615814,1.0,1.0,1.0000001192092896,17.16586685180664,17.16671371459961,0.0,0.021269055083394,0.0,3.1392715754918754e-05,309.98089599609375,100.0,292.15509033203125,292.1559143066406,50.0,50.0,790.0368041992188,790.0368041992188,790.0698852539062,327.8124694824219,327.8116149902344,1600.0,550.009033203125,50.0,344.97833251953125,50.0,3.766910595004447e-06,289.626708984375,0.0,0.0,24.16560935974121,0.0,24.16560935974121,0.0,1916.946533203125,3833.864013671875,0.0,23.700000762939453,0.0,0.0,16515.818359375,33031.63671875,0.0,0.0,0.0,1915.8458251953125,3831.585205078125,0.0,0.0,0.0
30.0,0.0,2.2934696674346924,0.0001689466880634,1.691944635240361e-05,0.0,0.0,0.0,1290.1708984375,6.921887769232641,2582.7470703125,11.83069896697998,11.83073616027832,7.924896240234375,61.95793914794922,0.0999999940395355,0.0,0.0,0.0,0.0,0.0,49.951629638671875,49.951507568359375,155.47605895996094,200.0,1.034000039100647,0.9067617654800416,66.98270416259766,66.98273468017578,100.26274871826172,100.28474426269533,0.0,971.158447265625,1942.224609375,2903.243408203125,0.0,40.67520904541016,114276.53125,5655.8173828125,-0.00018628151156,-0.0,-0.0021213837899267,0.0019351021619513,0.0,0.0010999999940395,0.0220000017434358,0.0329999960958957,0.0439999997615814,1.0,1.0,1.0000001192092896,17.166851043701172,17.16769790649414,0.0,0.021269055083394,0.0,3.1392715754918754e-05,309.9833679199219,100.0,292.1517639160156,292.1526184082031,50.0,50.0,790.2469482421875,790.2469482421875,790.2306518554688,327.8130798339844,327.8122253417969,1600.0,550.1151123046875,50.0,344.9799499511719,50.0,-3.3774113035178743e-06,289.6282958984375,0.0,0.0,23.746627807617188,0.0,23.746627807617188,0.0,1917.1365966796875,3834.2353515625,0.0,23.700000762939453,0.0,0.0,16515.818359375,33031.63671875,0.0,0.0,0.0,1915.845947265625,3831.585205078125,0.0,0.0,0.0
40.0,0.0,2.293487071990967,0.0001689466880634,1.691944635240361e-05,0.0,0.0,0.0,1290.1641845703125,7.167720645741161,2582.74951171875,11.8310546875,11.831101417541504,7.924896240234375,61.9547233581543,0.0999999940395355,0.0,0.0,0.0,0.0,0.0,49.95592498779297,49.955963134765625,155.47508239746094,200.0,1.034000039100647,0.9067617654800416,66.98192596435547,66.98196411132812,100.29653930664062,100.2839813232422,0.0,971.1051025390624,1942.1177978515625,2903.22119140625,0.0,54.01131439208984,114276.53125,5655.8173828125,7.497944170609117e-05,-0.0,-0.0021123047918081,0.0021872844081372,0.0,0.0010999999940395,0.0220000017434358,0.0329999960958957,0.0439999997615814,1.0,1.0,1.0000001192092896,17.16640853881836,17.16725730895996,0.0,0.021269055083394,0.0,3.1392715754918754e-05,309.981201171875,100.0,292.1505432128906,292.1513977050781,50.0,50.0,790.2411499023438,790.2411499023438,790.25048828125,327.8130798339844,327.8122253417969,1600.0,550.1111450195312,50.0,344.9794921875,50.0,4.701952548202826e-06,289.6269836425781,0.0,0.0,23.879261016845703,0.0,23.879261016845703,0.0,1917.1368408203125,3834.229736328125,0.0,23.700000762939453,0.0,0.0,16515.818359375,33031.63671875,0.0,0.0,0.0,1915.8427734375,3831.58837890625,0.0,0.0,0.0
50.0,0.0,2.2935891151428223,0.0001689466880634,1.691944635240361e-05,0.0,0.0,0.0,1290.1644287109375,6.247051830232804,2582.739990234375,11.831430435180664,11.831486701965332,7.924896240234375,61.95880126953125,0.0999999940395355,0.0,0.0,0.0,0.0,0.0,49.96123123168945,49.96137237548828,155.4782257080078,200.0,1.034000039100647,0.9067617654800416,66.98167419433594,66.98170471191406,100.27487182617188,100.2795181274414,0.0,971.1558227539062,1942.218994140625,2903.092041015625,0.0,67.34744262695312,114276.53125,5655.8173828125,-1.1292693670839071e-05,-0.0,-0.00208036811091,0.0020690753590315,0.0,0.0010999999940395,0.0220000017434358,0.0329999960958957,0.0439999997615814,1.0,1.0,1.0000001192092896,17.167156219482422,17.16800308227539,0.0,0.021269055083394,0.0,3.1392715754918754e-05,309.9822082519531,100.0,292.1501159667969,292.15093994140625,50.0,50.0,790.2208862304688,790.2208862304688,790.2174682617188,327.8139953613281,327.8131408691406,1600.0,550.1016235351562,50.0,344.9811706542969,50.0,7.201029461612052e-07,289.6286315917969,0.0,0.0,23.84517478942871,0.0,23.84517478942871,0.0,1917.0975341796875,3834.143310546875,0.0,23.700000762939453,0.0,0.0,16515.818359375,33031.63671875,0.0,0.0,0.0,1915.84619140625,3831.584716796875,0.0,0.0,0.0
60.0,0.0,2.29341721534729,0.0001689466880634,1.691944635240361e-05,0.0,0.0,0.0,1290.1627197265625,5.97711745463287,2582.7373046875,11.831793785095217,11.83185577392578,7.924896240234375,61.95881271362305,0.0999999940395355,0.0,0.0,0.0,0.0,0.0,49.9639892578125,49.96420669555664,155.47926330566406,200.0,1.034000039100647,0.9067617654800416,66.98136901855469,66.98139953613281,100.2876968383789,100.28704071044922,0.0,971.14501953125,1942.19677734375,2903.309814453125,0.0,80.68362426757812,114276.53125,5655.8173828125,-1.199066173285246e-05,-0.0,-0.00213623046875,0.0021242399234324,0.0,0.0010999999940395,0.0220000017434358,0.0329999960958957,0.0439999997615814,1.0,1.0,1.0000001192092896,17.16786766052246,17.16871452331543,0.0,0.021269055083394,0.0,3.1392715754918754e-05,309.9817199707031,100.0,292.1496276855469,292.1505126953125,50.0,50.0,790.25634765625,790.25634765625,790.2568359375,327.8137512207031,327.81292724609375,1600.0,550.1190185546875,50.0,344.98162841796875,50.0,2.4367168407479767e-06,289.6286315917969,0.0,0.0,23.82280158996582,0.0,23.82280158996582,0.0,1917.1007080078125,3834.143798828125,0.0,23.700000762939453,0.0,0.0,16515.818359375,33031.63671875,0.0,0.0,0.0,1915.8465576171875,3831.584228515625,0.0,0.0,0.0
70.0,0.0,2.2935352325439453,0.0001689466880634,1.691944635240361e-05,0.0,0.0,0.0,1290.1629638671875,5.4131477073049,2582.7314453125,11.832154273986816,11.832223892211914,7.924896240234375,61.960845947265625,0.0999999940395355,0.0,0.0,0.0,0.0,0.0,49.969276428222656,49.96954727172851,155.4811553955078,200.0,1.034000039100647,0.9067617654800416,66.9814224243164,66.98146057128906,100.28272247314452,100.28187561035156,0.0,971.1456298828124,1942.1973876953125,2903.160400390625,0.0,94.01980590820312,114276.53125,5655.8173828125,1.8901366274803877e-05,-0.0,-0.0020974578801542,0.0021163593046367,0.0,0.0010999999940395,0.0220000017434358,0.0329999960958957,0.0439999997615814,1.0,1.0,1.0000001192092896,17.16864776611328,17.16949462890625,0.0,0.021269055083394,0.0,3.1392715754918754e-05,309.9818115234375,100.0,292.1498107910156,292.15069580078125,50.0,50.0,790.2317504882812,790.2317504882812,790.2323608398438,327.8139953613281,327.8131408691406,1600.0,550.1068115234375,50.0,344.9826354980469,50.0,4.805015578313032e-06,289.6294250488281,0.0,0.0,23.8428955078125,0.0,23.8428955078125,0.0,1917.038818359375,3834.009765625,0.0,23.700000762939453,0.0,0.0,16515.818359375,33031.63671875,0.0,0.0,0.0,1915.846923828125,3831.583984375,0.0,0.0,0.0
80.0,0.0,2.2934794425964355,0.0001689466880634,1.691944635240361e-05,0.0,0.0,0.0,1290.163330078125,4.940762550005015,2582.7265625,11.832497596740724,11.832571983337402,7.924896240234375,61.96236038208008,0.0999999940395355,0.0,0.0,0.0,0.0,0.0,49.97284698486328,49.97314453125,155.4828338623047,200.0,1.034000039100647,0.9067617654800416,66.98137664794922,66.98140716552734,100.2825164794922,100.28431701660156,0.0,971.148681640625,1942.202880859375,2903.23095703125,0.0,107.35598754882812,114276.53125,5655.8173828125,-1.5445228200405836e-05,-0.0,-0.0021160431206226,0.0021005980670452,0.0,0.0010999999940395,0.0220000017434358,0.0329999960958957,0.0439999997615814,1.0,1.0,1.0000001192092896,17.1694278717041,17.17030906677246,0.0,0.021269055083394,0.0,3.1392715754918754e-05,309.98193359375,100.0,292.1497802734375,292.150634765625,50.0,50.0,790.2435302734375,790.2435302734375,790.2421875,327.81402587890625,327.8131408691406,1600.0,550.1127319335938,50.0,344.98345947265625,50.0,2.3989114197320305e-06,289.6300354003906,0.0,0.0,23.817413330078125,0.0,23.817413330078125,0.0,1917.0001220703125,3833.92529296875,0.0,23.700000762939453,0.0,0.0,16515.818359375,33031.63671875,0.0,0.0,0.0,1915.843994140625,3831.586669921875,0.0,0.0,0.0
90.0,0.0,2.2935266494750977,0.0001689466880634,1.691944635240361e-05,0.0,0.0,0.0,1290.163818359375,4.569602783555105,2582.72265625,11.832828521728516,11.832907676696776,7.924896240234375,61.96344375610352,0.0999999940395355,0.0,0.0,0.0,0.0,0.0,49.97710418701172,49.97750473022461,155.48410034179688,200.0,1.034000039100647,0.9067617654800416,66.9814682006836,66.98149871826172,100.28227996826172,100.2822494506836,0.0,971.1426391601562,1942.188720703125,2903.171142578125,0.0,120.69216918945312,114276.53125,5655.8173828125,1.493026502430439e-07,-0.0,-0.0021004485897719,0.0021005980670452,0.0,0.0010999999940395,0.0220000017434358,0.0329999960958957,0.0439999997615814,1.0,1.0,1.0000001192092896,17.17013931274414,17.17105484008789,0.0,0.021269055083394,0.0,3.1392715754918754e-05,309.98193359375,100.0,292.1498718261719,292.1507873535156,50.0,50.0,790.233642578125,790.233642578125,790.233642578125,327.8139953613281,327.8130798339844,1600.0,550.1077880859375,50.0,344.984130859375,50.0,-2.055949607893126e-06,289.6304626464844,0.0,0.0,23.82782936096191,0.0,23.82782936096191,0.0,1916.9342041015625,3833.7880859375,0.0,23.700000762939453,0.0,0.0,16515.818359375,33031.63671875,0.0,0.0,0.0,1915.8455810546875,3831.58544921875,0.0,0.0,0.0
100.0,0.0,2.293525457382202,0.0001689466880634,1.691944635240361e-05,0.0,0.0,0.0,1290.164306640625,4.2080835664454295,2582.718994140625,11.833139419555664,11.833221435546877,7.924896240234375,61.96440887451172,0.0999999940395355,0.0,0.0,0.0,0.0,0.0,49.98075866699219,49.98118209838867,155.48538208007812,200.0,1.034000039100647,0.9067617654800416,66.98149871826172,66.98153686523438,100.2823486328125,100.28230285644533,0.0,971.1370849609376,1942.1796875,2903.172607421875,0.0,134.02835083007812,114276.53125,5655.8173828125,-2.7799978852272034e-07,-0.0,-0.0021008760668337,0.0021005980670452,0.0,0.0010999999940395,0.0220000017434358,0.0329999960958957,0.0439999997615814,1.0,1.0,1.0000001192092896,17.17088508605957,17.17176628112793,0.0,0.021269055083394,0.0,3.1392715754918754e-05,309.98193359375,100.0,292.14996337890625,292.1508483886719,50.0,50.0,790.2339477539062,790.2339477539062,790.2339477539062,327.81390380859375,327.8130187988281,1600.0,550.10791015625,50.0,344.9847717285156,50.0,-3.379032250450109e-06,289.630859375,0.0,0.0,23.822935104370117,0.0,23.822935104370117,0.0,1916.871826171875,3833.65869140625,0.0,23.700000762939453,0.0,0.0,16515.818359375,33031.63671875,0.0,0.0,0.0,1915.84423828125,3831.586669921875,0.0,0.0,0.0
110.0,0.0,2.285444736480713,0.0001689348137006,1.691701436357107e-05,0.0,0.0,0.0,1287.4075927734375,20.606594117843223,2582.887451171875,11.813831329345703,11.83194065093994,7.924896240234375,61.867774963378906,0.1001326665282249,207.00537109375,0.0,0.0,0.0,0.0,50.93859100341797,49.96224594116211,155.42039489746094,200.0,1.0400837659835815,0.9086312651634216,66.42977142333984,66.93135070800781,101.06194305419922,100.63687133789062,0.0,993.8939819335938,1943.1539306640625,2913.4375,0.0,147.37374877929688,114276.53125,5655.8173828125,0.0031685237772762,-0.0,-0.0047054751776158,0.0078739989548921,0.0,0.0011000038357451,0.0219726804643869,0.0329999960958957,0.0439999997615814,1.0,1.0,1.0000001192092896,16.96485710144043,17.14735221862793,0.0,0.0212616454809904,0.0,3.1392715754918754e-05,309.9322204589844,100.0,291.93365478515625,292.11614990234375,50.0,50.0,791.8876342773438,791.8876342773438,792.2017211914062,327.9906005859375,327.80810546875,1600.0,550.91259765625,50.66624069213867,344.9554443359375,50.0,-4.166984126641182e-06,289.5924377441406,148.49095153808594,0.0,26.835302352905273,0.0,26.835302352905273,0.0,1938.263671875,3839.147705078125,0.0,23.700000762939453,0.0,0.0,16515.818359375,33031.63671875,0.0,0.0,0.0,2044.2821044921875,3843.937255859375,0.0,0.0,0.0
120.0,0.0,2.2538132667541504,0.0001689364435151,1.691739817033522e-05,0.0,0.0,0.0,1283.462890625,52.42992602431658,2583.21435546875,11.769182205200195,11.832456588745115,7.924896240234375,61.67425537109375,0.1003873869776725,637.7584228515625,0.0,0.0,0.0,0.0,50.51236724853515,49.610313415527344,155.3154754638672,200.0,1.0523279905319214,0.9123938679695128,65.5892105102539,66.8817138671875,102.27912902832033,102.04927825927734,0.0,1026.2965087890625,1941.0447998046875,2954.32666015625,0.0,160.7730712890625,114276.53125,5655.8173828125,0.0012675477191805,-0.0,-0.0152352768927812,0.0165028236806392,0.0,0.001100012101233,0.0219097826629877,0.0329999960958957,0.0439999997615814,1.0,1.0,1.0000001192092896,16.38739776611328,17.14962387084961,0.0,0.0212652888149023,0.0,3.1392715754918754e-05,309.8578186035156,100.0,291.2627868652344,292.02490234375,50.0,50.0,798.5732421875,798.5732421875,798.7430419921875,328.5111389160156,327.7489013671875,1600.0,554.2161865234375,52.00712585449219,344.8985290527344,50.0,-1.7681500139588024e-06,289.5155334472656,154.20506286621094,0.0,25.75654029846191,0.0,25.75654029846191,0.0,1962.35546875,3850.302978515625,0.0,23.700000762939453,0.0,0.0,16515.818359375,33031.63671875,0.0,0.0,0.0,2072.33544921875,3829.37060546875,0.0,0.0,0.0
130.0,0.0,2.2433786392211914,0.0001689385680947,1.6917880202527158e-05,0.0,0.0,0.0,1281.67236328125,59.26504859800545,2583.2841796875,11.732890129089355,11.836508750915527,7.924896240234375,61.62056350708008,0.1006129905581474,1064.538818359375,0.0,0.0,0.0,0.0,50.10052108764648,49.50643157958984,155.29237365722656,200.0,1.0637818574905396,0.9159136414527892,65.21087646484375,66.88359069824219,102.6505355834961,102.52394104003906,0.0,1041.3638916015625,1938.6802978515625,2968.068115234375,0.0,174.24269104003906,114276.53125,5655.8173828125,0.0008257026784121,-0.0,-0.0187728740274906,0.0195985771715641,0.0,0.0011000202503055,0.0218475107103586,0.0329999960958957,0.0439999997615814,1.0,1.0,1.0000001192092896,16.00813102722168,17.17929458618164,0.0,0.0212692432105541,0.0,3.1392715754918754e-05,309.83111572265625,100.0,290.81463623046875,291.98577880859375,50.0,50.0,800.8193359375,800.8193359375,800.912841796875,328.878173828125,327.70703125,1600.0,555.3257446289062,53.261474609375,344.8863220214844,50.0,3.187778929714114e-07,289.4941711425781,153.2397003173828,0.0,25.61941146850586,0.0,25.61941146850586,0.0,1979.1136474609375,3852.702392578125,0.0,23.700000762939453,0.0,0.0,16515.818359375,33031.63671875,0.0,0.0,0.0,2081.77099609375,3818.93359375,0.0,0.0,0.0
140.0,0.0,2.238147497177124,0.0001689401979092,1.6918267647270113e-05,0.0,0.0,0.0,1280.7384033203125,59.14936301184927,2583.283447265625,11.701598167419434,11.842212677001951,7.924896240234375,61.6058464050293,0.1008122265338897,1489.4136962890625,0.0,0.0,0.0,0.0,49.75823974609375,49.48892974853515,155.2938232421875,200.0,1.07447350025177,0.9191991090774536,65.02105712890625,66.90151977539062,102.80720520019533,102.76356506347656,0.0,1049.36767578125,1936.2872314453125,2975.005126953125,0.0,187.78668212890625,114276.53125,5655.8173828125,0.0003169239498674,-0.0,-0.0205618608742952,0.0208787843585014,0.0,0.0011000286322087,0.0217857062816619,0.0329999960958957,0.0439999997615814,1.0,1.0,1.0000001192092896,15.807766914367676,17.21425437927246,0.0,0.0212728511542081,0.0,3.1392715754918754e-05,309.820068359375,100.0,290.57403564453125,291.9805603027344,50.0,50.0,801.9552001953125,801.9552001953125,801.9873657226562,329.0787658691406,327.6722717285156,1600.0,555.8878173828125,54.43233108520508,344.8865051269531,50.0,4.986248313798569e-06,289.4883117675781,152.74566650390625,0.0,25.223003387451172,0.0,25.223003387451172,0.0,1994.1505126953125,3852.642333984375,0.0,23.700000762939453,0.0,0.0,16515.818359375,33031.63671875,0.0,0.0,0.0,2087.88427734375,3812.310546875,0.0,0.0,0.0
150.0,0.0,2.235905408859253,0.0001689825730863,1.6918700566748157e-05,0.0,0.0,0.0,1280.1937255859375,56.36325204845289,2583.254638671875,11.674201965332031,11.848631858825684,7.924896240234375,61.6070671081543,0.100987859070301,1913.267333984375,0.0,0.0,0.0,0.0,49.46713638305664,49.51845932006836,155.30377197265625,200.0,1.0843946933746338,0.9222478866577148,64.91696166992188,66.92245483398438,102.88965606689452,102.86661529541016,0.0,1054.08837890625,1934.1187744140625,2977.988525390625,0.0,201.4091339111328,114276.53125,5655.8173828125,0.0001726993359625,-0.0,-0.0213303677737712,0.0215030685067176,0.0,0.0011000423692166,0.021724222227931,0.0329999960958957,0.0439999997615814,1.0,1.0,1.0000001192092896,15.69831085205078,17.24565315246582,0.0,0.0212764982134103,0.0,3.1392715754918754e-05,309.8146667480469,100.0,290.442138671875,291.989501953125,50.0,50.0,802.443115234375,802.443115234375,802.4601440429688,329.1932067871094,327.6458435058594,1600.0,556.1290283203125,55.51881790161133,344.8915100097656,50.0,2.606317934805702e-07,289.4888000488281,152.46636962890625,0.0,25.120834350585938,0.0,25.120834350585938,0.0,2008.047607421875,3851.0283203125,0.0,23.700000762939453,0.0,0.0,16515.818359375,33031.63671875,0.0,0.0,0.0,2092.087890625,3807.820068359375,0.0,0.0,0.0
160.0,0.0,2.234763860702514,0.000169039791217,1.6917760149226524e-05,0.0,0.0,0.0,1279.832763671875,52.65165639580705,2583.216552734375,11.65023136138916,11.855301856994627,7.924896240234375,61.61514663696289,0.1012065857648849,2336.505615234375,0.0,0.0,0.0,0.0,49.21406173706055,49.56715774536133,155.3168182373047,200.0,1.0961461067199707,0.9253512024879456,64.85281372070312,66.94145965576172,102.93029022216795,102.91915893554688,0.0,1057.2625732421875,1932.3037109375,2979.509765625,0.0,215.1112060546875,114276.53125,5655.8173828125,8.300179615616798e-05,-0.0,-0.0217223670333623,0.0218053683638572,0.0,0.0011000648373737,0.0216630026698112,0.0329999960958957,0.0439999997615814,1.0,1.0,1.0000001192092896,15.633138656616213,17.27308464050293,0.0,0.021275220438838,0.0,3.1392715754918754e-05,309.8120422363281,100.0,290.36212158203125,292.0019836425781,50.0,50.0,802.6920166015625,802.6920166015625,802.7001953125,329.2649841308594,327.6250305175781,1600.0,556.2520751953125,56.62480926513672,344.8981018066406,50.0,1.722961542327539e-06,289.49200439453125,152.28231811523438,0.0,25.039047241210938,0.0,25.039047241210938,0.0,2021.1873779296875,3848.61669921875,0.0,23.700000762939453,0.0,0.0,16515.818359375,33031.63671875,0.0,0.0,0.0,2095.237060546875,3804.484130859375,0.0,0.0,0.0
170.0,0.0,2.234097957611084,0.000169104503584,1.6918278561206535e-05,0.0,0.0,0.0,1279.562744140625,48.8340119341204,2583.17724609375,11.629438400268556,11.861985206604004,7.924896240234375,61.625091552734375,0.1014710292220115,2759.2978515625,0.0,0.0,0.0,0.0,48.99546432495117,49.62382125854492,155.3301544189453,200.0,1.1101542711257937,0.9286325573921204,64.80816650390625,66.95792388916016,102.95770263671876,102.94983673095705,0.0,1059.6456298828125,1930.733154296875,2980.397705078125,0.0,228.88023376464844,114276.53125,5655.8173828125,5.856575444340706e-05,-0.0,-0.0219509433954954,0.0220095086842775,0.0,0.0011000970844179,0.0216020215302705,0.0329999960958957,0.0439999997615814,1.0,1.0,1.0000001192092896,15.58949851989746,17.29695701599121,0.0,0.0212788004428148,0.0,3.1392715754918754e-05,309.810302734375,100.0,290.3069763183594,292.0144958496094,50.0,50.0,802.837158203125,802.837158203125,802.8429565429688,329.3154602050781,327.6080017089844,1600.0,556.32373046875,57.79425811767578,344.90496826171875,50.0,1.24670839340979e-06,289.4959716796875,152.1405487060547,0.0,24.988555908203125,0.0,24.988555908203125,0.0,2033.6669921875,3845.697021484375,0.0,23.700000762939453,0.0,0.0,16515.818359375,33031.63671875,0.0,0.0,0.0,2097.796142578125,3801.781982421875,0.0,0.0,0.0
180.0,0.0,2.2336325645446777,0.0001691687357379,1.69187733263243e-05,0.0,0.0,0.0,1279.341064453125,45.02601229696216,2583.138427734375,11.611634254455566,11.86855411529541,7.924896240234375,61.63611602783203,0.1017128825187683,3181.736572265625,0.0,0.0,0.0,0.0,48.8094596862793,49.6829948425293,155.3434295654297,200.0,1.1237086057662964,0.9318076968193054,64.77340698242188,66.97224426269531,102.97713470458984,102.97128295898438,0.0,1061.6131591796875,1929.357421875,2981.0185546875,0.0,242.71685791015625,114276.53125,5655.8173828125,4.009902477264404e-05,-0.0,-0.0221107341349124,0.0221508331596851,0.0,0.0011001289822161,0.0215412657707929,0.0329999960958957,0.0439999997615814,1.0,1.0,1.0000001192092896,15.556777000427246,17.31831932067871,0.0,0.0212822780013084,0.0,3.1392715754918754e-05,309.80908203125,100.0,290.26434326171875,292.02587890625,50.0,50.0,802.9385986328125,802.9385986328125,802.9429321289062,329.3550109863281,327.5934753417969,1600.0,556.3738403320312,58.92581558227539,344.9117736816406,50.0,-4.2566102820273954e-06,289.5003662109375,152.0242462158203,0.0,24.94063377380371,0.0,24.94063377380371,0.0,2045.5062255859375,3842.42333984375,0.0,23.700000762939453,0.0,0.0,16515.818359375,33031.63671875,0.0,0.0,0.0,2100.010009765625,3799.4501953125,0.0,0.0,0.0
190.0,0.0,2.2332818508148193,0.0001692325022304,1.6919242625590414e-05,0.0,0.0,0.0,1279.1473388671875,41.38189822636304,2583.10107421875,11.596650123596191,11.874929428100586,7.924896240234375,61.6472053527832,0.1019341126084327,3603.87548828125,0.0,0.0,0.0,0.0,48.65472412109375,49.7421875,155.3561248779297,200.0,1.1366928815841677,0.9348491430282592,64.7440414428711,66.98509216308594,102.99222564697266,102.98745727539062,0.0,1063.3370361328125,1928.10302734375,2981.48681640625,0.0,256.6247863769531,114276.53125,5655.8173828125,3.345636650919914e-05,-0.0,-0.0222312174737453,0.0222646743059158,0.0,0.0011001609964296,0.021480718627572,0.0329999960958957,0.0439999997615814,1.0,1.0,1.0000001192092896,15.52985382080078,17.33771514892578,0.0,0.0212856754660606,0.0,3.1392715754918754e-05,309.8080749511719,100.0,290.22869873046875,292.0365905761719,50.0,50.0,803.0150756835938,803.0150756835938,803.0186157226562,329.388427734375,327.58056640625,1600.0,556.41162109375,60.00979995727539,344.9183044433594,50.0,-3.24508349081043e-08,289.5047607421875,151.9225616455078,0.0,24.89899253845215,0.0,24.89899253845215,0.0,2056.685302734375,3838.8759765625,0.0,23.700000762939453,0.0,0.0,16515.818359375,33031.63671875,0.0,0.0,0.0,2102.01171875,3797.346435546875,0.0,0.0,0.0
200.0,0.0,2.2330005168914795,0.0001692961668595,1.6919751942623407e-05,0.0,0.0,0.0,1278.971923828125,37.9257757480843,2583.0654296875,11.58431339263916,11.88105297088623,7.924896240234375,61.658050537109375,0.1021361276507377,4025.746337890625,0.0,0.0,0.0,0.0,48.52955627441406,49.7999382019043,155.3681640625,200.0,1.1490554809570312,0.937744915485382,64.71791076660156,66.99690246582031,103.00554656982422,103.00043487548828,0.0,1064.8970947265625,1926.926025390625,2981.862548828125,0.0,270.607421875,114276.53125,5655.8173828125,3.906805068254471e-05,-0.0,-0.0223276689648628,0.0223667360842227,0.0,0.0011001926613971,0.021420381963253,0.0329999960958957,0.0439999997615814,1.0,1.0,1.0000001192092896,15.50615119934082,17.35555076599121,0.0,0.0212892107665538,0.0,3.1392715754918754e-05,309.80718994140625,100.0,290.197021484375,292.0464172363281,50.0,50.0,803.0763549804688,803.0763549804688,803.0801391601562,329.4183044433594,327.56890869140625,1600.0,556.4417724609375,61.04188919067383,344.9244689941406,50.0,-1.1242043456149986e-06,289.5090637207031,151.8302459716797,0.0,24.86363220214844,0.0,24.86363220214844,0.0,2067.18359375,3835.12353515625,0.0,23.700000762939453,0.0,0.0,16515.818359375,33031.63671875,0.0,0.0,0.0,2103.864501953125,3795.4013671875,0.0,0.0,0.0
210.0,0.0,2.2327375411987305,0.0001693593949312,1.692024670774117e-05,0.0,0.0,0.0,1278.81005859375,34.58051845555079,2583.031005859375,11.57444667816162,11.886882781982422,7.924896240234375,61.669158935546875,0.1023189052939415,4447.37060546875,0.0,0.0,0.0,0.0,48.43178939819336,49.85514068603515,155.37982177734375,200.0,1.1608210802078247,0.9405011534690856,64.69390106201172,67.00791931152344,103.0159149169922,103.01256561279295,0.0,1066.3436279296875,1925.8184814453125,2982.2138671875,0.0,284.6678771972656,114276.53125,5655.8173828125,2.710847184062004e-05,-0.0,-0.0224181376397609,0.0224452447146177,0.0,0.0011002258397638,0.0213602520525455,0.0329999960958957,0.0439999997615814,1.0,1.0,1.0000001192092896,15.484856605529783,17.37257194519043,0.0,0.0212926529347896,0.0,3.1392715754918754e-05,309.8065185546875,100.0,290.1681823730469,292.0558776855469,50.0,50.0,803.1337890625,803.1337890625,803.13623046875,329.44561767578125,327.5578918457031,1600.0,556.4701538085938,62.02409744262695,344.9304504394531,50.0,-4.474082288652426e-06,289.51348876953125,151.74447631835938,0.0,24.818035125732425,0.0,24.818035125732425,0.0,2076.98779296875,3831.232666015625,0.0,23.700000762939453,0.0,0.0,16515.818359375,33031.63671875,0.0,0.0,0.0,2105.6025390625,3793.576904296875,0.0,0.0,0.0
220.0,0.0,2.2325124740600586,0.0001694224047241,1.69207742146682e-05,0.0,0.0,0.0,1278.6600341796875,31.379867139785883,2582.998291015625,11.56687068939209,11.892385482788086,7.924896240234375,61.68025588989258,0.1024842113256454,4868.76513671875,0.0,0.0,0.0,0.0,48.35972595214844,49.90746307373047,155.39097595214844,200.0,1.1719573736190796,0.943109929561615,64.67156982421875,67.0183334350586,103.02548217773438,103.02294158935548,0.0,1067.6895751953125,1924.761962890625,2982.51416015625,0.0,298.8092956542969,114276.53125,5655.8173828125,1.2582633644342422e-05,-0.0,-0.0224954690784215,0.0225080512464046,0.0,0.0011002680985257,0.0213003251701593,0.0329999960958957,0.0439999997615814,1.0,1.0,1.0000001192092896,15.465495109558104,17.388916015625,0.0,0.0212960224598646,0.0,3.1392715754918754e-05,309.80596923828125,100.0,290.1417236328125,292.065185546875,50.0,50.0,803.182861328125,803.182861328125,803.1847534179688,329.470703125,327.5472717285156,1600.0,556.4944458007812,62.95379638671875,344.9361877441406,50.0,8.944863338911091e-07,289.5179138183594,151.66427612304688,0.0,24.775096893310547,0.0,24.775096893310547,0.0,2086.079833984375,3827.241943359375,0.0,23.700000762939453,0.0,0.0,16515.818359375,33031.63671875,0.0,0.0,0.0,2107.23876953125,3791.860107421875,0.0,0.0,0.0
230.0,0.0,2.2323431968688965,0.0001694792881608,1.6920130292419344e-05,0.0,0.0,0.0,1278.520751953125,28.35274621510851,2582.967041015625,11.561399459838867,11.897536277770996,7.924896240234375,61.69119644165039,0.1026601865887641,5289.94287109375,0.0,0.0,0.0,0.0,48.31136322021485,49.956783294677734,155.40151977539062,200.0,1.1838743686676023,0.9457032680511476,64.65074920654297,67.02826690673828,103.0322723388672,103.03075408935548,0.0,1068.9417724609375,1923.7506103515625,2982.740234375,0.0,313.0338134765625,114276.53125,5655.8173828125,5.399342626333237e-06,-0.0,-0.0225536804646253,0.0225590802729129,0.0,0.0011003096587955,0.0212405920028686,0.0329999960958957,0.0439999997615814,1.0,1.0,1.0000001192092896,15.447151184082031,17.40407371520996,0.0,0.0212953407317399,0.0,3.1392715754918754e-05,309.8055419921875,100.0,290.1169128417969,292.073974609375,50.0,50.0,803.2198486328125,803.2198486328125,803.2210083007812,329.49444580078125,327.5375061035156,1600.0,556.5126953125,63.8780403137207,344.94158935546875,50.0,3.672787670438993e-06,289.5222473144531,151.58639526367188,0.0,24.736696243286133,0.0,24.736696243286133,0.0,2094.4501953125,3823.186767578125,0.0,23.700000762939453,0.0,0.0,16515.818359375,33031.63671875,0.0,0.0,0.0,2108.77587890625,3790.245849609375,0.0,0.0,0.0
240.0,0.0,2.2322022914886475,0.0001695416140137,1.6920652342378162e-05,0.0,0.0,0.0,1278.3917236328125,25.523255671720143,2582.93798828125,11.557855606079102,11.902315139770508,7.924896240234375,61.70176315307617,0.1028787866234779,5710.89697265625,0.0,0.0,0.0,0.0,48.28437423706055,50.00259017944336,155.41136169433594,200.0,1.198272466659546,0.9484609365463256,64.63136291503906,67.03773498535156,103.03851318359376,103.03726196289062,0.0,1070.1005859375,1922.77734375,2982.9287109375,0.0,327.33441162109375,114276.53125,5655.8173828125,4.009343683719635e-06,-0.0,-0.0226021744310855,0.0226061828434467,0.0,0.0011003513354808,0.0211810637265443,0.0329999960958957,0.0439999997615814,1.0,1.0,1.0000001192092896,15.43016242980957,17.41851806640625,0.0,0.0212986879050731,0.0,3.1392715754918754e-05,309.8051452636719,100.0,290.09405517578125,292.0824279785156,50.0,50.0,803.2506103515625,803.2506103515625,803.2515869140625,329.5165100097656,327.5281677246094,1600.0,556.52783203125,64.86102294921875,344.9466857910156,50.0,2.550339786466793e-06,289.5264587402344,151.50547790527344,0.0,24.698362350463867,0.0,24.698362350463867,0.0,2102.10205078125,3819.11865234375,0.0,23.700000762939453,0.0,0.0,16515.818359375,33031.63671875,0.0,0.0,0.0,2110.2099609375,3788.73046875,0.0,0.0,0.0
250.0,0.0,2.232093811035156,0.000169603532413,1.6921156202442944e-05,0.0,0.0,0.0,1278.2730712890625,22.86247511900836,2582.91064453125,11.55605411529541,11.906708717346191,7.924896240234375,61.71205139160156,0.1030796989798545,6131.6328125,0.0,0.0,0.0,0.0,48.276737213134766,50.04478454589844,155.42062377929688,200.0,1.2121771574020386,0.9511246085166932,64.61336517333984,67.04670715332031,103.04373931884766,103.04226684570312,0.0,1071.16943359375,1921.848876953125,2983.07373046875,0.0,341.7102966308594,114276.53125,5655.8173828125,6.093643605709076e-06,-0.0,-0.0226393435150384,0.0226454380899667,0.0,0.0011003925465047,0.0211217291653156,0.0329999960958957,0.0439999997615814,1.0,1.0,1.0000001192092896,15.414565086364746,17.43214988708496,0.0,0.0213019698858261,0.0,3.1392715754918754e-05,309.8048095703125,100.0,290.07293701171875,292.0906677246094,50.0,50.0,803.2742309570312,803.2742309570312,803.2753295898438,329.536865234375,327.5192565917969,1600.0,556.53955078125,65.8102798461914,344.951416015625,50.0,1.3971985026728362e-06,289.5305480957031,151.42906188964844,0.0,24.66508102416992,0.0,24.66508102416992,0.0,2109.0439453125,3815.072509765625,0.0,23.700000762939453,0.0,0.0,16515.818359375,33031.63671875,0.0,0.0,0.0,2111.547607421875,3787.316162109375,0.0,0.0,0.0
260.0,0.0,2.2320375442504883,0.0001696654071565,1.692171281320043e-05,0.0,0.0,0.0,1278.16455078125,20.35112094347613,2582.885009765625,11.555818557739258,11.910704612731934,7.924896240234375,61.72209930419922,0.1032650992274284,6552.1640625,0.0,0.0,0.0,0.0,48.28657150268555,50.08342742919922,155.4293670654297,200.0,1.225502848625183,0.9536773562431335,64.59674835205078,67.05521392822266,103.04724884033205,103.04486846923828,0.0,1072.1500244140625,1920.9664306640625,2983.14892578125,0.0,356.16424560546875,114276.53125,5655.8173828125,1.826835796236992e-05,-0.0,-0.0226585697382688,0.0226768385618925,0.0,0.0011004337575286,0.0210625901818275,0.0329999960958957,0.0439999997615814,1.0,1.0,1.0000001192092896,15.400221824645996,17.44513702392578,0.0,0.0213054399937391,0.0,3.1392715754918754e-05,309.8045349121094,100.0,290.0536804199219,292.0986328125,50.0,50.0,803.2864379882812,803.2864379882812,803.2882080078125,329.5556640625,327.5107727050781,1600.0,556.5454711914062,66.72000122070312,344.9559020996094,50.0,-4.499651367950719e-06,289.5345458984375,151.3572998046875,0.0,24.63530921936035,0.0,24.63530921936035,0.0,2115.284423828125,3811.07568359375,0.0,23.700000762939453,0.0,0.0,16515.818359375,33031.63671875,0.0,0.0,0.0,2112.7890625,3786.002685546875,0.0,0.0,0.0
270.0,0.0,2.2319812774658203,0.0001697265543043,1.6922182112466544e-05,0.0,0.0,0.0,1278.0655517578125,17.95545436595334,2582.8603515625,11.556978225708008,11.914301872253418,7.924896240234375,61.73218536376953,0.1034361124038696,6972.5029296875,0.0,0.0,0.0,0.0,48.31147384643555,50.11799621582031,155.43771362304688,200.0,1.2382330894470217,0.9561156034469604,64.5814437866211,67.06319427490234,103.04739379882812,103.0474624633789,0.0,1073.0552978515625,1920.14990234375,2983.22412109375,0.0,370.69879150390625,114276.53125,5655.8173828125,-1.2782402336597445e-06,-0.0,-0.0226781163364648,0.0226768385618925,0.0,0.0011004745028913,0.0210036486387252,0.0329999960958957,0.0439999997615814,1.0,1.0,1.0000001192092896,15.38726806640625,17.45734405517578,0.0,0.0213086009025573,0.0,3.1392715754918754e-05,309.8045349121094,100.0,290.0361633300781,292.106201171875,50.0,50.0,803.298828125,803.298828125,803.2987670898438,329.57293701171875,327.50286865234375,1600.0,556.5516357421875,67.58910369873047,344.960205078125,50.0,-4.674455340136774e-06,289.5385437011719,151.2901153564453,0.0,24.594829559326172,0.0,24.594829559326172,0.0,2120.850341796875,3807.17578125,0.0,23.700000762939453,0.0,0.0,16515.818359375,33031.63671875,0.0,0.0,0.0,2113.935791015625,3784.78857421875,0.0,0.0,0.0
280.0,0.0,2.2319557666778564,0.0001697876432444,1.692270780040417e-05,0.0,0.0,0.0,1277.9761962890625,15.771877359099133,2582.837890625,11.559361457824709,11.917497634887695,7.924896240234375,61.741554260253906,0.1035918816924095,7392.6640625,0.0,0.0,0.0,0.0,48.349754333496094,50.14874267578125,155.44529724121094,200.0,1.2504324913024902,0.9584526419639589,64.56746673583984,67.0706787109375,103.04914093017578,103.04864501953124,0.0,1073.8685302734375,1919.370361328125,2983.25830078125,0.0,385.3163146972656,114276.53125,5655.8173828125,1.739244908094406e-06,-0.0,-0.0226868744939565,0.0226886142045259,0.0,0.0011005152482539,0.0209448914974927,0.0329999960958957,0.0439999997615814,1.0,1.0,1.0000001192092896,15.375468254089355,17.46873664855957,0.0,0.0213119555264711,0.0,3.1392715754918754e-05,309.8044128417969,100.0,290.0202941894531,292.11358642578125,50.0,50.0,803.3043823242188,803.3043823242188,803.3047485351562,329.588623046875,327.495361328125,1600.0,556.5543823242188,68.42193603515625,344.964111328125,50.0,2.3619411422259873e-06,289.5422668457031,151.2273712158203,0.0,24.56633186340332,0.0,24.56633186340332,0.0,2125.759765625,3803.39208984375,0.0,23.700000762939453,0.0,0.0,16515.818359375,33031.63671875,0.0,0.0,0.0,2114.986083984375,3783.67529296875,0.0,0.0,0.0
290.0,0.0,2.2319488525390625,0.0001698480336926,1.6923151633818634e-05,0.0,0.0,0.0,1277.8961181640625,13.670246153304378,2582.81640625,11.56281280517578,11.92029857635498,7.924896240234375,61.75098419189453,0.1037352904677391,7812.654296875,0.0,0.0,0.0,0.0,48.39949035644531,50.17564010620117,155.45262145996094,200.0,1.2620341777801514,0.9606749415397644,64.55477905273438,67.07760620117188,103.04894256591795,103.04896545410156,0.0,1074.6011962890625,1918.6466064453125,2983.267578125,0.0,400.0190124511719,114276.53125,5655.8173828125,-7.180497050285339e-07,-0.0,-0.0226893313229084,0.0226886142045259,0.0,0.0011005556443706,0.0208863224834203,0.0329999960958957,0.0439999997615814,1.0,1.0,1.0000001192092896,15.36502456665039,17.47941780090332,0.0,0.0213150158524513,0.0,3.1392715754918754e-05,309.8044128417969,100.0,290.0060119628906,292.1203918457031,50.0,50.0,803.3059692382812,803.3059692382812,803.3059692382812,329.60284423828125,327.4884338378906,1600.0,556.55517578125,69.2139892578125,344.9678649902344,50.0,-2.3165102902567014e-06,289.5460205078125,151.1691436767578,0.0,24.52960777282715,0.0,24.52960777282715,0.0,2130.040771484375,3799.748779296875,0.0,23.700000762939453,0.0,0.0,16515.818359375,33031.63671875,0.0,0.0,0.0,2115.941162109375,3782.661865234375,0.0,0.0,0.0
300.0,0.0,2.2319488525390625,0.0001699024433037,1.692245677986648e-05,0.0,0.0,0.0,1277.8248291015625,11.645738336304868,2582.795654296875,11.567178726196287,11.922711372375488,7.924896240234375,61.760353088378906,0.1039267629384994,8232.482421875,0.0,0.0,0.0,0.0,48.4587516784668,50.19865798950195,155.4596710205078,200.0,1.276832938194275,0.9630813002586364,64.54337310791016,67.08399200439453,103.04894256591795,103.04896545410156,0.0,1075.25341796875,1917.9776611328125,2983.267578125,0.0,414.8054809570313,114276.53125,5655.8173828125,-7.180497050285339e-07,-0.0,-0.0226893313229084,0.0226886142045259,0.0,0.0011005956912413,0.0208279453217983,0.0329999960958957,0.0439999997615814,1.0,1.0,1.0000001192092896,15.35586929321289,17.48945426940918,0.0,0.0213141366839408,0.0,3.1392715754918754e-05,309.8044128417969,100.0,289.99322509765625,292.1268005371094,50.0,50.0,803.3059692382812,803.3059692382812,803.3059692382812,329.6156311035156,327.4820251464844,1600.0,556.55517578125,70.07173156738281,344.97149658203125,50.0,4.719886419479735e-06,289.5497131347656,151.10691833496094,0.0,24.493152618408203,0.0,24.493152618408203,0.0,2133.721923828125,3796.27294921875,0.0,23.700000762939453,0.0,0.0,16515.818359375,33031.63671875,0.0,0.0,0.0,2116.79296875,3781.748291015625,0.0,0.0,0.0
310.0,0.0,2.2319865226745605,0.0001699625281617,1.6922957001952454e-05,0.0,0.0,0.0,1277.7628173828125,9.722456916081963,2582.77587890625,11.572320938110352,11.924744606018066,7.924896240234375,61.76987838745117,0.1041202619671821,8652.1337890625,0.0,0.0,0.0,0.0,48.526248931884766,50.21818161010742,155.46636962890625,200.0,1.2922435998916626,0.96549791097641,64.5333251953125,67.08983612060547,103.0465087890625,103.04722595214844,0.0,1075.826416015625,1917.3681640625,2983.21728515625,0.0,429.6695861816406,114276.53125,5655.8173828125,-3.4938566386699677e-06,-0.0,-0.0226764064282178,0.022672913968563,0.0,0.001100635738112,0.0207697488367557,0.0329999960958957,0.0439999997615814,1.0,1.0,1.0000001192092896,15.347867012023926,17.49864387512207,0.0,0.0213173907250165,0.0,3.1392715754918754e-05,309.8045654296875,100.0,289.98199462890625,292.1328430175781,50.0,50.0,803.2977294921875,803.2977294921875,803.2971801757812,329.6270446777344,327.4762878417969,1600.0,556.5511474609375,70.93292236328125,344.97491455078125,50.0,3.911489784513833e-06,289.55352783203125,151.04588317871094,0.0,24.46004867553711,0.0,24.46004867553711,0.0,2136.82861328125,3792.970703125,0.0,23.700000762939453,0.0,0.0,16515.818359375,33031.63671875,0.0,0.0,0.0,2117.54541015625,3780.934326171875,0.0,0.0,0.0
320.0,0.0,5.552613735198975,0.0001392215344822,1.0796935384860262e-05,0.0,0.0,0.0,1308.8531494140625,77.2928029345632,2583.46923828125,11.790899276733398,12.107028007507324,7.924896240234375,61.40008544921875,0.1069894582033157,9078.9599609375,0.0,0.0,0.0,0.0,34.575008392333984,39.05721282958984,154.8813934326172,200.7641143798828,1.300313115119934,0.9667633175849916,70.7865219116211,72.19611358642578,5.556093692779541,41.42193603515625,0.0,749.87158203125,1383.7603759765625,1199.1650390625,0.0,437.8838195800781,122506.203125,6561.75341796875,-5.605329990386963,-0.0076411440968513,0.4428203999996185,0.1094905063509941,-6.149999618530273,0.0011004357365891,0.0214486680924892,0.0854662656784057,0.0439999997615814,1.0,1.0,1.0000001192092896,17.519939422607422,19.32406997680664,0.0,1.6923551811487414e-05,0.0,7.173902122303843e-05,309.04840087890625,0.0,292.0453186035156,293.8494567871094,50.0,50.0,507.7442321777344,507.7442321777344,481.2449340820313,327.3341369628906,325.5299987792969,1598.0321044921875,408.5593872070313,71.38386535644531,344.85406494140625,50.0,-2.683899310795823e-06,289.40655517578125,164.47525024414062,0.0,0.0,1700.0,62.56247329711914,0.0,1881.7318115234375,3354.575439453125,62.56247329711914,0.0,0.0,0.0,16515.818359375,33031.63671875,0.0,0.0,0.0,521.5809326171875,1161.56591796875,0.0,0.0,0.0
330.0,0.0,34.125770568847656,0.0001392210833728,1.0891515557887033e-05,0.0,0.0,0.0,1302.5081787109375,1176.9999527455907,2618.485595703125,12.180097579956056,12.427974700927734,7.924896240234375,42.36452102661133,0.1131931096315383,9556.6171875,0.0,0.0,0.0,0.0,41.8477897644043,44.4906005859375,142.41607666015625,202.5818328857422,1.2998278141021729,0.9666874408721924,73.735107421875,74.40582275390625,4.775932788848877,6.806741714477539,0.0,385.5061340332031,711.6033325195312,197.05517578125,0.0,437.8954162597656,146017.53125,9148.375,-4.49578332901001,-0.0258183293044567,0.71680748462677,0.9632272720336914,-6.149999618530273,0.0011002433020621,0.0235136616975069,0.3001821339130401,0.0439999997615814,1.0191092491149902,1.0076823234558103,1.011491298675537,23.7493896484375,24.52192497253418,0.0,1.691188481345307e-05,0.0,0.0003375123778823,300.83123779296875,0.0,294.13232421875,294.90484619140625,50.0,50.0,333.7841796875,333.7841796875,332.28375244140625,314.54010009765625,313.767578125,1593.119140625,317.48541259765625,71.35673522949219,338.28948974609375,50.0,-2.240112735307775e-06,281.83990478515625,173.22164916992188,0.0,0.0,1700.0,72.55775451660156,0.0,1785.1988525390625,3176.104248046875,72.55775451660156,0.0,0.0,0.0,16831.423828125,33285.3984375,0.0,0.0,0.0,736.0001220703125,1419.1212158203125,0.0,0.0,0.0
340.0,0.0,48.25519943237305,0.0001392208650941,1.0935208592854906e-05,0.0,0.0,0.0,1283.3572998046875,1176.9999527455907,2645.3798828125,12.457544326782228,12.654200553894045,7.924896240234375,30.16371726989746,0.1193901598453521,10028.9296875,0.0,0.0,0.0,0.0,43.489990234375,45.572296142578125,133.77236938476562,204.6029052734375,1.299342393875122,0.96661114692688,70.978515625,71.58304595947266,4.32246732711792,4.869394779205322,0.0,266.7850646972656,481.7586364746094,140.96897888183594,0.0,437.9070129394531,169525.984375,11732.390625,-3.981325149536133,-0.0460290536284446,0.7407816052436829,1.4739221334457395,-6.149999618530273,0.0011002528481185,0.0256136115640401,0.3993746042251587,0.0439999997615814,1.0352859497070312,1.0227323770523071,1.0269169807434082,29.077590942382812,29.56593894958496,0.0,1.690053250058554e-05,0.0,0.0005118925473652,295.0006408691406,0.0,291.57305908203125,292.0613708496094,50.0,50.0,318.5625305175781,318.5625305175781,318.158447265625,304.1623229980469,303.6739807128906,1588.1810302734375,306.9027404785156,71.3296127319336,333.23992919921875,50.0,-1.0629892130964436e-06,276.9900817871094,166.76162719726562,0.0,0.0,1700.0,79.77041625976562,0.0,1664.776611328125,2963.604736328125,79.77041625976562,0.0,0.0,0.0,17098.595703125,33782.5234375,0.0,0.0,0.0,575.9429321289062,1107.7589111328125,0.0,0.0,0.0
350.0,0.0,53.82884216308594,0.0001392208505421,1.0934504643955734e-05,0.0,0.0,0.0,1267.8292236328125,1176.9999527455907,2660.78369140625,12.747681617736816,12.896778106689451,7.924896240234375,22.721590042114254,0.1255652457475662,10483.0068359375,0.0,0.0,0.0,0.0,45.08906936645508,46.64194869995117,128.17100524902344,206.74737548828125,1.2988572120666504,0.9665353894233704,68.51164245605469,69.04629516601562,4.05472469329834,4.407039642333984,0.0,202.0227508544922,360.0797424316406,127.58380126953124,0.0,437.9186096191406,193031.515625,14313.8037109375,-3.673269510269165,-0.067473754286766,0.7509300112724304,1.79327392578125,-6.149999618530273,0.0011003223480656,0.0277510695159435,0.3977871835231781,0.0439999997615814,1.0489178895950315,1.0372999906539917,1.0411726236343384,32.33351135253906,32.74576950073242,0.0,1.688942029431928e-05,0.0,0.0005339592462405,290.8354187011719,0.0,288.42315673828125,288.83544921875,50.0,50.0,312.11907958984375,312.11907958984375,311.8587646484375,297.49200439453125,297.0797424316406,1583.2271728515625,301.5664367675781,71.30248260498047,329.8255310058594,50.0,1.730625626805704e-06,274.0318298339844,160.77728271484375,0.0,0.0,1700.0,84.43003845214844,0.0,1531.33984375,2725.6015625,84.43003845214844,0.0,0.0,0.0,17323.73828125,34263.71875,0.0,0.0,0.0,403.0990295410156,767.8640747070312,0.0,0.0,0.0
360.0,0.0,58.03447341918945,0.0001392284757457,1.0905468116106933e-05,0.0,0.0,0.0,1256.9534912109375,1176.9999527455907,2670.167724609375,13.053924560546877,13.159906387329102,7.924896240234375,17.97194480895996,0.1317236721515655,10923.3076171875,0.0,0.0,0.0,0.0,47.145172119140625,48.21058654785156,124.50032806396484,208.9686279296875,1.2983721494674685,0.9664595127105712,66.87126159667969,67.35174560546875,3.867957830429077,4.115139484405518,0.0,152.46527099609375,267.4466857910156,119.13328552246094,0.0,437.9302062988281,216534.15625,16892.615234375,-3.483435869216919,-0.0896862745285034,0.7578816413879395,1.9983683824539185,-6.149999618530273,0.001100409659557,0.0299255810678005,0.3318817019462585,0.0439999997615814,1.0570834875106812,1.0495742559432983,1.052077293395996,34.80326461791992,35.16150665283203,0.0,1.687850999587681e-05,0.0,0.000452492153272,287.873046875,0.0,286.0224609375,286.3806457519531,50.0,50.0,307.705322265625,307.705322265625,307.522705078125,292.7438049316406,292.38555908203125,1578.2626953125,297.85162353515625,71.27536010742188,327.5470886230469,50.0,-1.7493345012553618e-06,272.14385986328125,156.7640380859375,0.0,0.0,1700.0,87.38202667236328,0.0,1389.122314453125,2469.829833984375,87.38202667236328,0.0,0.0,0.0,17458.59765625,34669.15625,0.0,0.0,0.0,256.37042236328125,478.24017333984375,0.0,0.0,0.0
370.0,0.0,61.51797103881836,0.0001392307895002,1.0857898814720102e-05,0.0,0.0,0.0,1250.3336181640625,0.0,2675.9296875,13.366374015808104,13.43345069885254,7.924896240234375,15.14990520477295,0.1378716975450515,11355.0712890625,0.0,0.0,0.0,0.0,49.5599250793457,50.18577575683594,122.14883422851562,211.22457885742188,1.297886610031128,0.9663833975791932,65.94630432128906,66.38763427734375,3.7260611057281494,3.900813579559326,0.0,112.53450775146484,191.47650146484375,112.92855072021484,0.0,437.9418029785156,240033.859375,19468.8359375,-3.368955373764038,-0.1122457832098007,0.7628068923950195,2.130483388900757,-6.149999618530273,0.0011005158303305,0.0321363136172294,0.2239040583372116,0.0439999997615814,1.0624769926071167,1.0591837167739868,1.06028151512146,36.64306640625,36.97245407104492,0.0,1.6867825252120383e-05,0.0,0.0003036364214494,285.8141174316406,0.0,284.3182373046875,284.6476745605469,50.0,50.0,304.5782165527344,304.5782165527344,304.4490966796875,289.40533447265625,289.075927734375,1573.292724609375,295.2377014160156,71.24822998046875,326.04840087890625,50.0,9.65032995736692e-07,271.0220947265625,154.47885131835938,0.0,0.0,1700.0,88.633056640625,0.0,1241.232421875,2202.44384765625,88.633056640625,0.0,0.0,0.0,17547.677734375,34986.5703125,0.0,0.0,0.0,136.92254638671875,242.58848571777344,0.0,0.0,0.0
380.0,0.0,64.50123596191406,0.0001392284175381,1.0818538612511476e-05,0.0,0.0,0.0,1245.9417724609375,0.0,2678.954833984375,13.665386199951172,13.707173347473145,7.924896240234375,13.713190078735352,0.1440139263868332,11782.17578125,0.0,0.0,0.0,0.0,52.69289779663086,52.46182632446289,120.89800262451172,213.4933319091797,1.2974013090133667,0.9663073420524596,65.35891723632812,66.00080871582031,3.612459659576416,3.729621648788452,0.0,88.33879089355469,133.15850830078125,107.97254943847656,0.0,437.9533996582031,263530.71875,22042.458984375,-3.3091843128204346,-0.1349333226680755,0.7661949992179871,2.2095539569854736,-6.149999618530273,0.0011006406275555,0.0343825258314609,0.1345657259225845,0.0439999997615814,1.0651921033859253,1.064464807510376,1.0647072792053225,38.1207275390625,38.47395324707031,0.0,1.6857391528901644e-05,0.0,0.0001772644463926,284.514892578125,0.0,283.2764892578125,283.6297912597656,50.0,50.0,302.4270324707031,302.4270324707031,302.3404541015625,287.0917053222656,286.7384948730469,1568.320068359375,293.4964294433594,71.22109985351562,325.2124328613281,50.0,-1.439134507563722e-06,270.45098876953125,153.0755157470703,0.0,0.0,1700.0,89.30778503417969,0.0,1100.2784423828125,1929.9761962890625,89.30778503417969,0.0,0.0,0.0,17592.51953125,35161.015625,0.0,0.0,0.0,104.46068572998048,64.88088989257812,0.0,0.0,0.0
390.0,0.0,66.9104232788086,0.0001392309204675,1.0820425814017652e-05,0.0,0.0,0.0,1242.640380859375,0.0,2680.18408203125,13.929041862487791,13.958623886108398,7.924896240234375,13.118475914001465,0.1501512378454208,12205.3779296875,0.0,0.0,0.0,0.0,55.66175079345703,55.35173797607422,120.3888931274414,215.76502990722656,1.296916127204895,0.9662314653396606,64.8043212890625,65.7342300415039,3.5182273387908936,3.6001691818237305,0.0,77.85932159423828,99.62918853759766,104.2248992919922,0.0,437.9649963378906,287024.6875,24613.501953125,-3.281521797180176,-0.1576502919197082,0.7684856653213501,2.2576425075531006,-6.149999618530273,0.0011007841676473,0.0366640053689479,0.1388540118932724,0.0439999997615814,1.0678919553756714,1.0666265487670898,1.0670483112335205,39.16541290283203,39.64453887939453,0.0,1.6847223378135823e-05,0.0,0.0001841514313127,283.6971435546875,0.0,282.5470275878906,283.02618408203125,50.0,50.0,300.9726257324219,300.9726257324219,300.912109375,285.70294189453125,285.22381591796875,1563.3470458984375,292.3520202636719,71.19397735595703,324.86834716796875,50.0,7.664211238989083e-07,270.214599609375,151.73948669433594,0.0,0.0,1700.0,89.58551025390625,0.0,966.4149169921876,1679.047119140625,89.58551025390625,0.0,0.0,0.0,17637.109375,35232.41796875,0.0,0.0,0.0,92.31387329101562,59.48662567138672,0.0,0.0,0.0
400.0,0.0,68.87500762939453,0.0001392375997966,1.0826932339114135e-05,0.0,0.0,0.0,1240.1224365234375,0.0,2680.5908203125,14.157845497131348,14.17147445678711,7.924896240234375,12.921956062316896,0.1562843322753906,12625.2099609375,0.0,0.0,0.0,0.0,58.30727767944336,57.87309265136719,120.222900390625,218.03421020507812,1.296430587768555,0.9661552906036376,64.34293365478516,65.36664581298828,3.438028335571289,3.5021328926086426,0.0,71.0537338256836,84.07235717773438,101.38674926757812,0.0,437.9765930175781,310515.71875,27181.955078125,-3.268307685852051,-0.1803420931100845,0.7701754570007324,2.291858673095703,-6.149999618530273,0.0011009464506059,0.0389806106686592,0.1536324173212051,0.0439999997615814,1.0706064701080322,1.0684314966201782,1.069156527519226,39.94384765625,40.47478866577149,0.0,1.6837291695992462e-05,0.0,0.0002048845635727,283.1015625,0.0,282.0082702636719,282.5391845703125,50.0,50.0,299.8997497558594,299.8997497558594,299.85235595703125,284.81005859375,284.27911376953125,1558.372314453125,291.5138854980469,71.1668472290039,324.75390625,50.0,1.8339369489694943e-06,270.136474609375,150.6286163330078,0.0,0.0,1700.0,89.67787170410156,0.0,839.1240844726562,1443.3475341796875,89.67787170410156,0.0,0.0,0.0,17681.943359375,35292.04296875,0.0,0.0,0.0,88.06676483154297,62.61268997192383,0.0,0.0,0.0
410.0,0.0,70.55264282226562,0.0001392452395521,1.0833523447217884e-05,0.0,0.0,0.0,1238.134521484375,0.0,2680.56787109375,14.352413177490234,14.35052490234375,7.924896240234375,12.937143325805664,0.1624137908220291,13042.232421875,0.0,0.0,0.0,0.0,60.57305145263672,59.98627471923828,120.24037170410156,220.29840087890625,1.295945405960083,0.9660794734954834,63.95809173583984,65.02084350585938,3.3684322834014893,3.4210755825042725,0.0,65.36264038085938,73.6726303100586,99.0401382446289,0.0,437.9881896972656,334003.90625,29747.826171875,-3.2630889415740967,-0.2029840052127838,0.7715351581573486,2.318359851837158,-6.149999618530273,0.0011011271271854,0.0413321554660797,0.1686011403799057,0.0439999997615814,1.0706064701080322,1.0698752403259275,1.070119023323059,40.60299301147461,41.14274978637695,0.0,1.6827623767312616e-05,0.0,0.0002255672443425,282.63201904296875,0.0,281.58380126953125,282.12353515625,50.0,50.0,299.0364685058594,299.0364685058594,298.99755859375,284.15740966796875,283.61767578125,1553.39697265625,290.8446960449219,71.13972473144531,324.7604064941406,50.0,5.080321443529101e-06,270.1424865722656,149.7022705078125,0.0,0.0,1700.0,89.67263793945312,0.0,718.70654296875,1220.874755859375,89.67263793945312,0.0,0.0,0.0,17681.943359375,35339.73046875,0.0,0.0,0.0,85.89522552490234,63.84946823120117,0.0,0.0,0.0
420.0,0.0,72.07964324951172,0.000139253665111,1.084017912944546e-05,0.0,0.0,0.0,1236.6246337890625,0.0,2680.244873046875,14.514426231384276,14.498626708984377,7.924896240234375,13.117265701293944,0.1685402691364288,13456.9150390625,0.0,0.0,0.0,0.0,62.46318435668945,61.73250579833984,120.38754272460938,222.55613708496097,1.295460224151611,0.9660035371780396,63.63841247558594,64.72493743896484,3.307110071182251,3.350440740585327,0.0,60.30506134033203,65.42186737060547,96.9952621459961,0.0,437.9997863769531,357489.21875,32311.12890625,-3.2640938758850098,-0.2255613654851913,0.7726542949676514,2.338813066482544,-6.149999618530273,0.0011013264302164,0.0437184534966945,0.1837221086025238,0.0439999997615814,1.0706064701080322,1.0709575414657593,1.07084059715271,41.20721054077149,41.73929977416992,0.0,1.6818205040181056e-05,0.0,0.0002462374977767,282.2644348144531,0.0,281.2567138671875,281.788818359375,50.0,50.0,298.32586669921875,298.32586669921875,298.29388427734375,283.64404296875,283.1119384765625,1548.4222412109375,290.3032531738281,71.11259460449219,324.85125732421875,50.0,-3.3694605008349754e-06,270.214111328125,148.93264770507812,0.0,0.0,1700.0,89.59931182861328,0.0,605.5843505859375,1012.273681640625,89.59931182861328,0.0,0.0,0.0,17681.943359375,35375.48046875,0.0,0.0,0.0,84.39188385009766,64.57583618164062,0.0,0.0,0.0
430.0,0.0,73.53108978271484,0.0001392628182657,1.0846917575690895e-05,0.0,0.0,0.0,1235.646728515625,0.0,2679.670654296875,14.645915031433104,14.618102073669434,7.924896240234375,13.436521530151367,0.1746641248464584,13869.6650390625,0.0,0.0,0.0,0.0,63.99699020385742,63.14129257202149,120.6431884765625,224.8063812255859,1.2949748039245603,0.9659274220466614,63.37541198730469,64.48236846923828,3.2524101734161377,3.287743091583252,0.0,55.649261474609375,58.25615310668945,95.18016052246094,0.0,438.0113830566406,380971.625,34871.85546875,-3.270353078842163,-0.2480638027191162,0.7735725045204163,2.354138135910034,-6.149999618530273,0.0011015441268682,0.0461393259465694,0.1990220546722412,0.0439999997615814,1.0733206272125244,1.071681022644043,1.0722275972366333,41.77958297729492,42.29461669921875,0.0,1.680903551459778e-05,0.0,0.0002669488021638,281.9859924316406,0.0,281.020751953125,281.53570556640625,50.0,50.0,297.742919921875,297.742919921875,297.7168273925781,283.2327880859375,282.7177734375,1543.4490966796875,289.87042236328125,71.0854721069336,325.01239013671875,50.0,-1.486720293542021e-06,270.3410339355469,148.29937744140625,0.0,0.0,1700.0,89.46925354003906,0.0,500.09869384765625,818.1008911132812,89.46925354003906,0.0,0.0,0.0,17726.767578125,35399.37890625,0.0,0.0,0.0,83.14260864257812,65.1855239868164,0.0,0.0,0.0
440.0,0.0,74.84119415283203,0.0001392727572238,1.085373787645949e-05,0.0,0.0,0.0,1235.05859375,0.0,2678.868408203125,14.749028205871582,14.71110725402832,7.924896240234375,13.878411293029783,0.1807859241962433,14280.830078125,0.0,0.0,0.0,0.0,65.19801330566406,64.2387466430664,120.99658966064452,227.0482635498047,1.294489502906799,0.965851366519928,63.160369873046875,64.28880310058594,3.2031214237213135,3.23126220703125,0.0,51.239349365234375,51.7196044921875,93.5450439453125,0.0,438.0229797363281,404451.1875,37430.01953125,-3.281308650970459,-0.2704826593399048,0.7743141055107117,2.3648595809936523,-6.149999618530273,0.0011017807992175,0.0485946014523506,0.2145135104656219,0.0439999997615814,1.0733206272125244,1.0720421075820925,1.0724682807922363,42.323543548583984,42.81992721557617,0.0,1.6800120647531003e-05,0.0,0.0002877075166907,281.7895812988281,0.0,280.8650817871094,281.3614196777344,50.0,50.0,297.27203369140625,297.27203369140625,297.2512512207031,282.91302490234375,282.4166259765625,1538.4759521484375,289.5347900390625,71.05834197998047,325.2365417480469,50.0,-1.5251364402502077e-06,270.51666259765625,147.78170776367188,0.0,0.0,1700.0,89.2883071899414,0.0,402.4831848144531,638.7590942382812,89.2883071899414,0.0,0.0,0.0,17726.767578125,35411.30859375,0.0,0.0,0.0,81.98876953125,65.81639099121094,0.0,0.0,0.0
450.0,0.0,76.08157348632812,0.0001392844278598,1.0860668226087e-05,0.0,0.0,0.0,1234.8519287109375,0.0,2677.841796875,14.825953483581545,14.779727935791016,7.924896240234375,14.43313694000244,0.1869059354066848,14690.6982421875,0.0,0.0,0.0,0.0,66.09124755859375,65.0496826171875,121.4449462890625,229.2809600830078,1.2940044403076172,0.9657756090164183,62.98418426513672,64.13670349121094,3.158332586288452,3.179786920547486,0.0,46.99705505371094,45.512237548828125,92.0548324584961,0.0,438.0345764160156,427927.875,39985.609375,-3.296644687652588,-0.2928096055984497,0.7748943567276001,2.3712704181671143,-6.149999618530273,0.0011020360980182,0.0510840937495231,0.2302475273609161,0.0439999997615814,1.0733206272125244,1.0724033117294312,1.072709083557129,42.84613800048828,43.32244873046875,0.0,1.6791473171906546e-05,0.0,0.0003085233329329,281.6715087890625,0.0,280.78759765625,281.263916015625,50.0,50.0,296.9035949707031,296.9035949707031,296.88775634765625,282.67572021484375,282.19940185546875,1533.5029296875,289.2895812988281,71.03121948242188,325.5218505859375,50.0,-1.8486998669686727e-06,270.7371826171875,147.35797119140625,0.0,0.0,1700.0,89.05805206298828,0.0,312.870361328125,474.4847106933594,89.05805206298828,0.0,0.0,0.0,17726.767578125,35423.23828125,0.0,0.0,0.0,80.86136627197266,66.51591491699219,0.0,0.0,0.0
460.0,0.0,77.26734924316406,0.0001393041020492,1.0867830496863462e-05,0.0,0.0,0.0,1235.035888671875,0.0,2676.583740234375,14.878864288330078,14.826003074645996,7.924896240234375,15.094278335571287,0.1930243670940399,15099.49609375,0.0,0.0,0.0,0.0,66.70201110839844,65.59806823730469,121.98961639404295,231.50360107421875,1.2935190200805664,0.9656996130943298,62.83684921264648,64.01593017578125,3.117337465286255,3.132326602935791,0.0,42.81723403930664,39.30309295654297,90.68085479736328,0.0,438.0461730957031,451401.75,42538.63671875,-3.3162548542022705,-0.3150360286235809,0.7753221988677979,2.3734588623046875,-6.149999618530273,0.0011023103725165,0.0536076314747333,0.2465161234140396,0.0439999997615814,1.0733206272125244,1.07276451587677,1.0729498863220217,43.35222244262695,43.80815505981445,0.0,1.6783080354798585e-05,0.0,0.0003293962799943,281.631103515625,0.0,280.78765869140625,281.24359130859375,50.0,50.0,296.6319885253906,296.6319885253906,296.62091064453125,282.5167236328125,282.060791015625,1528.5302734375,289.1316223144531,71.00408935546875,325.86895751953125,50.0,4.9828704504761845e-06,270.9999694824219,147.00440979003906,0.0,0.0,1700.0,88.77790069580078,0.0,231.3074951171875,325.3499755859375,88.77790069580078,0.0,0.0,0.0,17726.767578125,35435.16796875,0.0,0.0,0.0,79.7402114868164,67.28060913085938,0.0,0.0,0.0
470.0,0.0,77.51188659667969,0.0001393251004628,1.0875081898120698e-05,0.0,0.0,0.0,1235.6455078125,0.0,2675.080810546875,14.909887313842772,14.851872444152832,7.924896240234375,15.867572784423828,0.1991413682699203,15507.380859375,0.0,0.0,0.0,0.0,67.05562591552734,65.90645599365234,122.63438415527344,233.71530151367188,1.2930337190628052,0.9656234979629515,62.70670700073242,63.91273880004883,3.127480745315552,3.1234264373779297,0.0,38.56455993652344,32.56942367553711,90.4231948852539,0.0,438.0577697753906,474872.6875,45089.11328125,-3.3406100273132324,-0.3371530175209045,0.7753311395645142,2.371211528778076,-6.149999618530273,0.0011026035062968,0.0561650842428207,0.2629825472831726,0.0439999997615814,1.0733206272125244,1.07276451587677,1.0729498863220217,43.8446044921875,44.28171920776367,0.0,1.6774938558228314e-05,0.0,0.000350290472852,281.672607421875,0.0,280.86883544921875,281.305908203125,50.0,50.0,296.62628173828125,296.62628173828125,296.6292724609375,282.435546875,281.9984436035156,1523.559326171875,289.1472473144531,70.97695922851562,326.2801513671875,50.0,3.020214535354171e-06,271.3073425292969,146.69342041015625,0.0,0.0,1700.0,88.44598388671875,0.0,157.76771545410156,191.30897521972656,88.44598388671875,0.0,0.0,0.0,17726.767578125,35435.16796875,0.0,0.0,0.0,78.65572357177734,68.052734375,0.0,0.0,0.0
480.0,0.0,78.6554183959961,0.000139347393997,1.0882401511480566e-05,0.0,0.0,0.0,1236.7620849609375,0.0,2673.296142578125,14.92104434967041,14.859232902526855,7.924896240234375,16.774080276489258,0.20525723695755,15914.42578125,0.0,0.0,0.0,0.0,67.1762466430664,65.99679565429688,123.39080810546876,235.9152069091797,1.2925485372543335,0.9655476212501526,62.57950973510742,63.81339645385742,3.072151899337769,3.0791521072387695,0.0,34.04796600341797,27.921594619750977,89.1414566040039,0.0,438.0693664550781,498340.78125,47637.03125,-3.369840383529663,-0.35915207862854,0.7754575610160828,2.363853931427002,-6.149999618530273,0.00110291573219,0.0587562955915927,0.2796041071414947,0.0439999997615814,1.0733206272125244,1.07276451587677,1.0729498863220217,44.31745910644531,44.73242950439453,0.0,1.6767058696132153e-05,0.0,0.000371147878468,281.8080749511719,0.0,281.04437255859375,281.4593811035156,50.0,50.0,296.5460510253906,296.5460510253906,296.5408630371094,282.44073486328125,282.0257568359375,1518.5885009765625,289.17303466796875,70.94983673095703,326.7582092285156,50.0,-1.2638081159366268e-07,271.6676940917969,146.3914337158203,0.0,0.0,1700.0,88.05585479736328,0.0,92.16990661621094,72.17752838134766,88.05585479736328,0.0,0.0,0.0,17726.767578125,35435.16796875,0.0,0.0,0.0,77.60604858398438,68.80094146728516,0.0,0.0,0.0
490.0,0.0,80.09313201904297,0.0001393709244439,1.0889753866649698e-05,0.0,0.0,0.0,1238.221923828125,1176.9999527455907,2670.848388671875,14.914429664611816,14.851978302001951,7.924896240234375,17.684879302978516,0.2113718539476394,16320.587890625,0.0,0.0,0.0,0.0,67.06671905517578,65.92556762695312,124.4243392944336,238.10128784179688,1.2920632362365725,0.965471625328064,62.43522262573242,63.776336669921875,3.0210001468658447,3.025404214859009,0.0,27.871715545654297,30.575363159179688,87.58544921875,0.0,438.0809631347656,521806.09375,50182.41015625,-3.40098237991333,-0.381012886762619,0.775593101978302,2.354437351226806,-6.149999618530273,0.0011032467009499,0.0613812021911144,0.2962996959686279,0.0439999997615814,1.0733206272125244,1.07276451587677,1.0729498863220217,44.88718795776367,45.196163177490234,0.0,1.67594389495207e-05,0.0,0.0003918597358278,281.98052978515625,0.0,281.30224609375,281.6112365722656,50.0,50.0,296.4599914550781,296.4599914550781,296.4567565917969,282.4895324707031,282.1805419921875,1513.61962890625,289.2156677246094,70.9227066040039,327.376708984375,50.0,3.91851108361152e-06,272.02972412109375,146.051513671875,0.0,0.0,1700.0,87.52752685546875,0.0,34.08158874511719,0.0,87.52752685546875,0.0,0.0,0.0,17726.767578125,35435.16796875,0.0,0.0,0.0,74.44213104248047,71.6282730102539,0.0,0.0,0.0
500.0,0.0,81.45855712890625,0.0001394010469084,1.0897135325649288e-05,0.0,0.0,0.0,1239.3037109375,1176.9999527455907,2668.1025390625,14.89357852935791,14.841008186340332,7.924896240234375,18.584165573120117,0.2174849659204483,16725.712890625,0.0,0.0,0.0,0.0,66.77774810791016,65.81634521484375,125.5481948852539,240.26971435546875,1.2915778160095217,0.965395450592041,62.28123092651367,63.7634391784668,2.973496198654175,2.9763224124908447,0.0,26.10026741027832,33.08634567260742,86.16453552246094,0.0,438.0925598144531,545268.4375,52725.2265625,-3.432868003845215,-0.4026971459388733,0.775667667388916,2.34416127204895,-6.149999618530273,0.0011035962961614,0.064039759337902,0.3130660653114319,0.0439999997615814,1.0733206272125244,1.07276451587677,1.0729498863220217,45.47689056396485,45.67820358276367,0.0,1.6752061128499918e-05,0.0,0.0004124003753531,282.1675720214844,0.0,281.5708923339844,281.7721862792969,50.0,50.0,296.4126281738281,296.4126281738281,296.4105224609375,282.582763671875,282.3814697265625,1508.652099609375,289.28582763671875,70.89558410644531,328.0596618652344,50.0,2.8348956675472436e-06,272.38720703125,145.67971801757812,0.0,0.0,1700.0,86.79837036132812,0.0,0.0,0.0,86.79837036132812,0.0,0.0,0.0,17726.767578125,35435.16796875,0.0,0.0,0.0,70.31024169921875,75.38385772705078,0.0,0.0,0.0
510.0,0.0,82.68773651123047,0.0001394894934492,1.0904801456490532e-05,0.0,0.0,0.0,1239.8924560546875,1176.9999527455907,2665.41845703125,14.87167263031006,14.829811096191406,7.924896240234375,19.42988395690918,0.2235968708992004,17130.03515625,0.0,0.0,0.0,0.0,66.4942398071289,65.69632720947266,126.62615203857422,242.41448974609375,1.2910925149917605,0.965319573879242,62.19416427612305,63.76055908203125,2.9292006492614746,2.933619976043701,0.0,27.626148223876953,35.01985549926758,84.92829895019531,0.0,438.1041564941406,568728.0,55265.51953125,-3.4625065326690674,-0.4241448938846588,0.7757508754730225,2.3358871936798096,-6.149999618530273,0.0011039650999009,0.0667317882180213,0.3304753303527832,0.0439999997615814,1.0733206272125244,1.07276451587677,1.0729498863220217,45.95893096923828,46.1497688293457,0.0,1.6744950698921457e-05,0.0,0.0004333051329012,282.31732177734375,0.0,281.7275085449219,281.9183654785156,50.0,50.0,296.35980224609375,296.35980224609375,296.3565368652344,282.7574462890625,282.56658935546875,1503.68701171875,289.33526611328125,70.86845397949219,328.71636962890625,50.0,1.5647369764337782e-06,272.723388671875,145.46644592285156,0.0,0.0,1700.0,85.9176025390625,0.0,0.0,0.0,85.9176025390625,0.0,0.0,0.0,17726.767578125,35435.16796875,0.0,0.0,0.0,67.90673828125,77.56745910644531,0.0,0.0,0.0
520.0,0.0,83.87857055664062,0.0001395828148815,1.0912643119809218e-05,0.0,0.0,0.0,1240.3685302734375,1176.9999527455907,2662.8134765625,14.851248741149902,14.81856632232666,7.924896240234375,20.21939468383789,0.2297080308198928,17533.931640625,0.0,0.0,0.0,0.0,66.23900604248047,65.57091522216797,127.65608215332033,244.5352325439453,1.2906075716018677,0.9652438759803772,62.15021514892578,63.767234802246094,2.8877475261688232,2.8934240341186523,0.0,28.655439376831055,36.40672302246094,83.7646255493164,0.0,438.1157531738281,592184.75,57803.2578125,-3.490054130554199,-0.4453523159027099,0.7758685350418091,2.3294293880462646,-6.149999618530273,0.0011043528793379,0.0694570317864418,0.3482809960842132,0.0439999997615814,1.0733206272125244,1.07276451587677,1.0729498863220217,46.43446350097656,46.629844665527344,0.0,1.6738102203817107e-05,0.0,0.0004544878029264,282.43365478515625,0.0,281.8406677246094,282.0360107421875,50.0,50.0,296.28509521484375,296.28509521484375,296.2808837890625,282.90899658203125,282.713623046875,1498.7242431640625,289.3568115234375,70.8413314819336,329.3434753417969,50.0,6.747487759639625e-07,273.0372009277344,145.35850524902344,0.0,0.0,1700.0,85.07653045654297,0.0,0.0,0.0,85.07653045654297,0.0,0.0,0.0,17726.767578125,35435.16796875,0.0,0.0,0.0,66.51153564453125,78.85052490234375,0.0,0.0,0.0
530.0,0.0,85.0404281616211,0.0001396809821017,1.0920637578237802e-05,0.0,0.0,0.0,1240.7440185546875,1176.9999527455907,2660.229248046875,14.83173942565918,14.80733871459961,7.924896240234375,20.96349334716797,0.2358186990022659,17937.6328125,0.0,0.0,0.0,0.0,66.00074005126953,65.44295501708984,128.66383361816406,246.6327209472656,1.2901219129562378,0.96516752243042,62.133785247802734,63.78165435791016,2.848827838897705,2.8552956581115723,0.0,29.34635353088379,37.378761291503906,82.66081237792969,0.0,438.1273498535156,615638.625,60338.46484375,-3.5159912109375,-0.4663271903991699,0.7760101556777954,2.3243257999420166,-6.149999618530273,0.0011047601001337,0.0722152292728424,0.3664314150810241,0.0439999997615814,1.0733206272125244,1.07276451587677,1.0729498863220217,46.928340911865234,47.12795639038086,0.0,1.6731493815314025e-05,0.0,0.0004758760042022,282.5252685546875,0.0,281.9299621582031,282.12957763671875,50.0,50.0,296.1951904296875,296.1951904296875,296.1903991699219,283.02777099609375,282.828125,1493.763916015625,289.3581848144531,70.81420135498047,329.9560852050781,50.0,2.069578613372869e-06,273.3329772949219,145.3177947998047,0.0,0.0,1700.0,84.25491333007812,0.0,0.0,0.0,84.25491333007812,0.0,0.0,0.0,17726.767578125,35435.16796875,0.0,0.0,0.0,65.69683074951172,79.62181854248047,0.0,0.0,0.0
540.0,0.0,86.17285919189453,0.000139874377055,1.0928783922281582e-05,0.0,0.0,0.0,1241.0418701171875,1176.9999527455907,2657.632080078125,14.812795639038086,14.796142578125,7.924896240234375,21.668710708618164,0.241929143667221,18341.296875,0.0,0.0,0.0,0.0,65.77279663085938,65.31376647949219,129.6603240966797,248.70721435546875,1.2896366119384766,0.965091586112976,62.13493347167969,63.80188751220703,2.812178373336792,2.8191428184509277,0.0,29.803651809692383,38.04072189331055,81.61418151855469,0.0,438.1389465332031,639089.6875,62871.16796875,-3.540661334991455,-0.4870721697807312,0.7761664390563965,2.320244073867798,-6.149999618530273,0.0011051869951188,0.0750062242150306,0.3849283456802368,0.0439999997615814,1.0733206272125244,1.07276451587677,1.0729498863220217,47.44205093383789,47.64441680908203,0.0,1.672516555117909e-05,0.0,0.0004974234034307,282.59832763671875,0.0,282.00250244140625,282.2048645019531,50.0,50.0,296.0959167480469,296.0959167480469,296.09075927734375,283.12017822265625,282.9178161621094,1488.8057861328125,289.34552001953125,70.78707885742188,330.562255859375,50.0,4.4678185986413155e-06,273.6133117675781,145.3200225830078,0.0,0.0,1700.0,83.44194793701172,0.0,0.0,0.0,83.44194793701172,0.0,0.0,0.0,17726.767578125,35435.16796875,0.0,0.0,0.0,65.22439575195312,80.09476470947266,0.0,0.0,0.0
550.0,0.0,87.27621459960938,0.0001401868212269,1.0937074875982944e-05,0.0,0.0,0.0,1241.2781982421875,1176.9999527455907,2655.0576171875,14.794194221496582,14.7849760055542,7.924896240234375,22.34524154663086,0.2480393052101135,18745.001953125,0.0,0.0,0.0,0.0,65.55107116699219,65.18397521972656,130.6332244873047,250.75906372070312,1.2891515493392944,0.9650157690048218,62.147125244140625,63.82612609863281,2.777573585510254,2.7848236560821533,0.0,30.096406936645508,38.4665412902832,80.62064361572266,0.0,438.1505432128906,662537.8125,65401.30859375,-3.5642926692962646,-0.507590651512146,0.7763321399688721,2.3169655799865723,-6.149999618530273,0.001105633797124,0.0778298452496528,0.4037557542324066,0.0439999997615814,1.0733206272125244,1.07276451587677,1.0729498863220217,47.96156311035156,48.16562271118164,0.0,1.6719101040507667e-05,0.0,0.0005190959200263,282.6568908691406,0.0,282.06207275390625,282.26611328125,50.0,50.0,295.99078369140625,295.99078369140625,295.98541259765625,283.1924133300781,282.98834228515625,1483.8499755859375,289.322509765625,70.75994873046875,331.15399169921875,50.0,3.132374786218861e-06,273.8822326660156,145.34925842285156,0.0,0.0,1700.0,82.64833068847656,0.0,0.0,0.0,82.64833068847656,0.0,0.0,0.0,17726.767578125,35435.16796875,0.0,0.0,0.0,64.95574188232422,80.39158630371094,0.0,0.0,0.0
560.0,0.0,88.35297393798828,0.0001405139337293,1.0945484973490238e-05,0.0,0.0,0.0,1241.4666748046875,1176.9999527455907,2652.46142578125,14.775796890258787,14.773826599121094,7.924896240234375,22.99643898010254,0.254149317741394,19148.81640625,0.0,0.0,0.0,0.0,65.33306121826172,65.05382537841797,131.600341796875,252.78868103027344,1.288666009902954,0.9649394750595092,62.16608428955078,63.852874755859375,2.744818687438965,2.752182722091675,0.0,30.27552604675293,38.72211837768555,79.67568969726562,0.0,438.1621398925781,685983.1875,67928.9453125,-3.587094306945801,-0.5278868079185486,0.7765023708343506,2.314289808273315,-6.149999618530273,0.0011061003897339,0.0806858912110328,0.4228517115116119,0.0439999997615814,1.0733206272125244,1.07276451587677,1.0729498863220217,48.49209213256836,48.69717025756836,0.0,1.671329118835274e-05,0.0,0.0005408633733168,282.7046203613281,0.0,282.1114196777344,282.3164978027344,50.0,50.0,295.88262939453125,295.88262939453125,295.8772277832031,283.2495422363281,283.0444641113281,1478.8963623046875,289.29254150390625,70.73281860351562,331.74163818359375,50.0,1.4818895976986826e-07,274.1410827636719,145.3950653076172,0.0,0.0,1700.0,81.86015319824219,0.0,0.0,0.0,81.86015319824219,0.0,0.0,0.0,17726.767578125,35435.16796875,0.0,0.0,0.0,64.80980682373047,80.58269500732422,0.0,0.0,0.0
570.0,0.0,89.4034194946289,0.0001408556709066,1.0954008757835254e-05,0.0,0.0,0.0,1241.6175537109375,1176.9999527455907,2649.83984375,14.757513046264648,14.76267910003662,7.924896240234375,23.62574577331543,0.2602594196796417,19552.76953125,0.0,0.0,0.0,0.0,65.11717987060547,64.92335510253906,132.56117248535156,254.7960968017578,1.2881808280944824,0.9648637175559998,62.18896484375,63.88095474243164,2.713745594024658,2.721120595932007,0.0,30.37522315979004,38.85307693481445,78.77644348144531,0.0,438.1737365722656,709425.8125,70454.046875,-3.6092021465301514,-0.5479609966278076,0.7766742706298828,2.312084436416626,-6.149999618530273,0.0011065871221944,0.0835742428898811,0.4422021508216858,0.0439999997615814,1.0733206272125244,1.07276451587677,1.0729498863220217,49.024898529052734,49.23061752319336,0.0,1.6707763279555365e-05,0.0,0.0005627074278891,282.7438659667969,0.0,282.15283203125,282.3585510253906,50.0,50.0,295.7735290527344,295.7735290527344,295.76806640625,283.2952880859375,283.0895690917969,1473.9449462890625,289.2578125,70.70569610595703,332.3201904296875,50.0,6.119500426393643e-07,274.3912353515625,145.45053100585938,0.0,0.0,1700.0,81.07647705078125,0.0,0.0,0.0,81.07647705078125,0.0,0.0,0.0,17726.767578125,35435.16796875,0.0,0.0,0.0,64.73792266845703,80.70968627929688,0.0,0.0,0.0
580.0,0.0,90.4271011352539,0.0001412120036548,1.0962636224576272e-05,0.0,0.0,0.0,1241.7371826171875,1176.9999527455907,2647.216064453125,14.73928451538086,14.751524925231934,7.924896240234375,24.2381534576416,0.2663693130016327,19956.88671875,0.0,0.0,0.0,0.0,64.90241241455078,64.7926025390625,133.50877380371094,256.7816467285156,1.2876957654953003,0.9647878408432008,62.21382141113281,63.90946960449219,2.684206008911133,2.6915595531463623,0.0,30.418947219848633,38.891937255859375,77.92064666748047,0.0,438.1853332519531,732865.4375,72976.640625,-3.630711078643799,-0.5678164958953857,0.7768456935882568,2.3102595806121826,-6.149999618530273,0.0011070938780903,0.0864947661757469,0.4617960751056671,0.0439999997615814,1.0733206272125244,1.07276451587677,1.0729498863220217,49.53206634521485,49.7381591796875,0.0,1.670250276220031e-05,0.0,0.0005846138810738,282.7763366699219,0.0,282.1877746582031,282.39385986328125,50.0,50.0,295.6647033691406,295.6647033691406,295.6593017578125,283.3321228027344,283.12603759765625,1468.99560546875,289.21978759765625,70.6785659790039,332.86419677734375,50.0,1.9290241652925033e-06,274.6346740722656,145.51089477539062,0.0,0.0,1700.0,80.30399322509766,0.0,0.0,0.0,80.30399322509766,0.0,0.0,0.0,17726.767578125,35435.16796875,0.0,0.0,0.0,64.70897674560547,80.79883575439453,0.0,0.0,0.0
590.0,0.0,91.4295425415039,0.000141582917422,1.0971370102197398e-05,0.0,0.0,0.0,1241.8330078125,1176.9999527455907,2644.536376953125,14.721077919006348,14.740358352661133,7.924896240234375,24.832853317260746,0.272479236125946,20361.173828125,0.0,0.0,0.0,0.0,64.68817138671875,64.66157531738281,134.46234130859375,258.7454528808594,1.2872101068496704,0.9647115468978882,62.23941802978515,63.937744140625,2.6560699939727783,2.6632871627807617,0.0,30.42591667175293,38.870819091796875,77.10216522216797,0.0,438.1969299316406,756302.4375,75496.71875,-3.6517255306243896,-0.5874545574188232,0.7770152688026428,2.308713436126709,-6.149999618530273,0.0011076210066676,0.08944733440876,0.4816254675388336,0.0439999997615814,1.0733206272125244,1.07276451587677,1.0729498863220217,50.04886245727539,50.25526428222656,0.0,1.669750054134056e-05,0.0,0.0006065727793611,282.8038024902344,0.0,282.2176208496094,282.4240417480469,50.0,50.0,295.5570068359375,295.5570068359375,295.55169677734375,283.3623046875,283.1558837890625,1464.04833984375,289.17974853515625,70.65144348144531,333.4111633300781,50.0,-2.4222986212407704e-06,274.8710632324219,145.5731658935547,0.0,0.0,1700.0,79.52725982666016,0.0,0.0,0.0,79.52725982666016,0.0,0.0,0.0,17726.767578125,35435.16796875,0.0,0.0,0.0,64.7063980102539,80.8636474609375,0.0,0.0,0.0
600.0,0.0,92.40827941894533,0.0001419683540007,1.098020493373042e-05,0.0,0.0,0.0,1241.90869140625,1176.9999527455907,2641.81494140625,14.702865600585938,14.729159355163574,7.924896240234375,25.412193298339844,0.2785888910293579,20765.634765625,0.0,0.0,0.0,0.0,64.47402954101562,64.53009796142578,135.41482543945312,260.6874694824219,1.2867249250411987,0.9646356701850892,62.2649040222168,63.96531677246094,2.629223346710205,2.636303424835205,0.0,30.40690803527832,38.805763244628906,76.32098388671875,0.0,438.2085266113281,779736.5,78014.2890625,-3.6722917556762695,-0.6068747043609619,0.77718186378479,2.307400941848755,-6.149999618530273,0.0011081681586802,0.0924317985773086,0.50168377161026,0.0439999997615814,1.0733206272125244,1.07276451587677,1.0729498863220217,50.57081604003906,50.7774543762207,0.0,1.6692769349901937e-05,0.0,0.0006285760900937,282.82708740234375,0.0,282.243408203125,282.45001220703125,50.0,50.0,295.4512634277344,295.4512634277344,295.446044921875,283.3873291015625,283.1806945800781,1459.1033935546875,289.1386413574219,70.62431335449219,333.9581298828125,50.0,-4.60708224636619e-06,275.1013488769531,145.63523864746094,0.0,0.0,1700.0,78.75049591064453,0.0,0.0,0.0,78.75049591064453,0.0,0.0,0.0,17726.767578125,35435.16796875,0.0,0.0,0.0,64.7180404663086,80.91413116455078,0.0,0.0,0.0
610.0,0.0,93.36418151855467,0.000142368269735,1.0989137990691232e-05,0.0,0.0,0.0,1241.967041015625,1176.9999527455907,2639.083984375,14.684625625610352,14.717938423156738,7.924896240234375,25.979318618774418,0.2846989631652832,21170.265625,0.0,0.0,0.0,0.0,64.2596435546875,64.3982925415039,136.35581970214844,262.60791015625,1.286239743232727,0.9645597338676452,62.28972244262695,63.99183654785156,2.603564739227295,2.6105093955993652,0.0,30.369731903076172,38.70859909057617,75.57424926757812,0.0,438.2201232910156,803167.6875,80529.359375,-3.692441463470459,-0.6260791420936584,0.7773451209068298,2.3062922954559326,-6.149999618530273,0.0011087356833741,0.0954480171203613,0.5219655632972717,0.0439999997615814,1.0733206272125244,1.07276451587677,1.0729498863220217,51.09049606323242,51.297237396240234,0.0,1.668830736889504e-05,0.0,0.0006506177596747,282.84674072265625,0.0,282.26568603515625,282.472412109375,50.0,50.0,295.3475646972656,295.3475646972656,295.3424377441406,283.40802001953125,283.2012634277344,1454.1605224609375,289.0966796875,70.5971908569336,334.4985046386719,50.0,-2.4203548036894063e-06,275.3267822265625,145.69577026367188,0.0,0.0,1700.0,77.98314666748047,0.0,0.0,0.0,77.98314666748047,0.0,0.0,0.0,17726.767578125,35435.16796875,0.0,0.0,0.0,64.7376708984375,80.95513916015625,0.0,0.0,0.0
620.0,0.0,94.29918670654295,0.0001427825773134,1.0998166544595732e-05,0.0,0.0,0.0,1242.0106201171875,1176.9999527455907,2636.34130859375,14.66636085510254,14.70667839050293,7.924896240234375,26.53532600402832,0.2908088266849518,21575.060546875,0.0,0.0,0.0,0.0,64.04499816894531,64.26600646972656,137.2863311767578,264.5070495605469,1.2857544422149658,0.9644838571548462,62.31349182128906,64.01704406738281,2.5790035724639893,2.585798501968384,0.0,30.319883346557617,38.59074020385742,74.8588638305664,0.0,438.2317199707031,826596.25,83041.9375,-3.712212324142456,-0.645070493221283,0.7775050401687622,2.3053529262542725,-6.149999618530273,0.001109323464334,0.0984958931803703,0.5424662828445435,0.0439999997615814,1.0733206272125244,1.07276451587677,1.0729498863220217,51.60763168334961,51.814510345458984,0.0,1.668411641730927e-05,0.0,0.0006726927822455,282.8634033203125,0.0,282.28485107421875,282.4917297363281,50.0,50.0,295.2460021972656,295.2460021972656,295.2409973144531,283.4251708984375,283.2182922363281,1449.2198486328125,289.0542907714844,70.57006072998047,335.0328063964844,50.0,1.6857393347891048e-06,275.54779052734375,145.7538604736328,0.0,0.0,1700.0,77.22441864013672,0.0,0.0,0.0,77.22441864013672,0.0,0.0,0.0,17726.767578125,35435.16796875,0.0,0.0,0.0,64.76122283935547,80.98979187011719,0.0,0.0,0.0
630.0,0.0,95.21665954589844,0.0001432112621841,1.1007292414433325e-05,0.0,0.0,0.0,1242.0428466796875,1176.9999527455907,2633.530517578125,14.64805793762207,14.695382118225098,7.924896240234375,27.079486846923828,0.2969184219837188,21980.013671875,0.0,0.0,0.0,0.0,63.82993698120117,64.13327026367188,138.22686767578125,266.385009765625,1.2852689027786257,0.9644076228141784,62.33599090576172,64.04080963134766,2.555459260940552,2.5620574951171875,0.0,30.264963150024418,38.46443176269531,74.17156219482422,0.0,438.2433166503906,850021.9375,85552.015625,-3.73165512084961,-0.6638501286506653,0.777661144733429,2.3045337200164795,-6.149999618530273,0.0011099318508058,0.1015752777457237,0.5631823539733887,0.0439999997615814,1.0733206272125244,1.07276451587677,1.0729498863220217,52.13229751586914,52.33924102783203,0.0,1.6680180124239996e-05,0.0,0.0006947973743081,282.8779296875,0.0,282.30157470703125,282.508544921875,50.0,50.0,295.1469421386719,295.1469421386719,295.1420593261719,283.4395446777344,283.23260498046875,1444.28125,289.0120849609375,70.54293823242188,335.57183837890625,50.0,2.7707255867426284e-06,275.76409912109375,145.80889892578125,0.0,0.0,1700.0,76.45891571044922,0.0,0.0,0.0,76.45891571044922,0.0,0.0,0.0,17726.767578125,35435.16796875,0.0,0.0,0.0,64.78620147705078,81.02001953125,0.0,0.0,0.0
640.0,0.0,96.11602783203124,0.0001436542370356,1.101650923374109e-05,0.0,0.0,0.0,1242.0650634765625,1176.9999527455907,2630.612060546875,14.629720687866213,14.684052467346191,7.924896240234375,27.607982635498047,0.3030279874801636,22385.11328125,0.0,0.0,0.0,0.0,63.614463806152344,64.0001220703125,139.18685913085938,268.2414855957031,1.2847838401794434,0.9643317461013794,62.357147216796875,64.0630874633789,2.5328586101531982,2.5392725467681885,0.0,30.208568572998047,38.336856842041016,73.5119400024414,0.0,438.2549133300781,873444.8125,88059.578125,-3.750797748565674,-0.6824148297309875,0.7778125405311584,2.3038041591644287,-6.149999618530273,0.001110560609959,0.1046860665082931,0.5841113328933716,0.0439999997615814,1.0733206272125244,1.07276451587677,1.0729498863220217,52.670528411865234,52.87760543823242,0.0,1.6676513041602448e-05,0.0,0.0007169293239712,282.8908386230469,0.0,282.3165588378906,282.52362060546875,50.0,50.0,295.0508117675781,295.0508117675781,295.0460510253906,283.4521179199219,283.24505615234375,1439.3447265625,288.97052001953125,70.51580810546875,336.1226501464844,50.0,1.9861251985275885e-06,275.97418212890625,145.86074829101562,0.0,0.0,1700.0,75.67675018310547,0.0,0.0,0.0,75.67675018310547,0.0,0.0,0.0,17726.767578125,35435.16796875,0.0,0.0,0.0,64.81121063232422,81.04702758789062,0.0,0.0,0.0
650.0,0.0,96.99644470214844,0.0001441114436602,1.102581973100314e-05,0.0,0.0,0.0,1242.077880859375,1176.9999527455907,2627.66455078125,14.611343383789062,14.672693252563477,7.924896240234375,28.12618637084961,0.3091377019882202,22790.353515625,0.0,0.0,0.0,0.0,63.39851760864258,63.86660385131836,140.13999938964844,270.0763854980469,1.284298539161682,0.9642558693885804,62.376922607421875,64.08387756347656,2.511136770248413,2.5173938274383545,0.0,30.149635314941406,38.205474853515625,72.87854766845703,0.0,438.2665100097656,896864.875,90564.671875,-3.7696237564086914,-0.7007638216018677,0.7779600620269775,2.3031797409057617,-6.149999618530273,0.0011112098582088,0.107828140258789,0.6052507758140564,0.0439999997615814,1.0733206272125244,1.07276451587677,1.0729498863220217,53.207027435302734,53.4141731262207,0.0,1.667311880737543e-05,0.0,0.0007390865357592,282.9018859863281,0.0,282.3297424316406,282.5368957519531,50.0,50.0,294.9571838378906,294.9571838378906,294.95257568359375,283.462890625,283.2557678222656,1434.410400390625,288.9292907714844,70.48867797851562,336.669921875,50.0,1.782461481525388e-06,276.1801452636719,145.9093017578125,0.0,0.0,1700.0,74.89957427978516,0.0,0.0,0.0,74.89957427978516,0.0,0.0,0.0,17726.767578125,35435.16796875,0.0,0.0,0.0,64.8355484008789,81.0714111328125,0.0,0.0,0.0
660.0,0.0,97.85940551757812,0.000144582852954,1.1035221177735366e-05,0.0,0.0,0.0,1242.0821533203125,1176.9999527455907,2624.697265625,14.592927932739258,14.66128635406494,7.924896240234375,28.63497734069824,0.3152472674846649,23195.72265625,0.0,0.0,0.0,0.0,63.182106018066406,63.73252868652344,141.08421325683594,271.8899841308594,1.2838131189346311,0.9641796946525574,62.395263671875,64.10315704345703,2.4902350902557373,2.4963436126708984,0.0,30.08943748474121,38.07282638549805,72.26914978027344,0.0,438.2781066894531,920282.1875,93067.2421875,-3.788146734237671,-0.7188998460769653,0.7781038880348206,2.3026487827301025,-6.149999618530273,0.0011118797119706,0.1110013574361801,0.6265981197357178,0.0439999997615814,1.0733206272125244,1.07276451587677,1.0729498863220217,53.740234375,53.94744873046875,0.0,1.6669975593686104e-05,0.0,0.0007612669724039,282.9112854003906,0.0,282.3412170410156,282.5484313964844,50.0,50.0,294.8658447265625,294.8658447265625,294.861328125,283.47186279296875,283.2646484375,1429.478271484375,288.88836669921875,70.46155548095703,337.21209716796875,50.0,-1.6028909612941789e-06,276.3824157714844,145.95445251464844,0.0,0.0,1700.0,74.12968444824219,0.0,0.0,0.0,74.12968444824219,0.0,0.0,0.0,17726.767578125,35435.16796875,0.0,0.0,0.0,64.85838317871094,81.09388732910156,0.0,0.0,0.0
670.0,0.0,98.70616149902344,0.0001450683630537,1.1044716302421875e-05,0.0,0.0,0.0,1242.07861328125,1176.9999527455907,2621.708740234375,14.57447910308838,14.649845123291016,7.924896240234375,29.134681701660156,0.3213565349578857,23601.212890625,0.0,0.0,0.0,0.0,62.96528244018555,63.5980339050293,142.01979064941406,273.6825866699219,1.2833279371261597,0.9641038179397584,62.41217041015625,64.12091827392578,2.4700992107391357,2.476058006286621,0.0,30.02902603149414,37.9410285949707,71.68187713623047,0.0,438.2897033691406,943696.625,95567.3671875,-3.8063771724700928,-0.7368258833885193,0.7782443761825562,2.302204132080078,-6.149999618530273,0.001112570404075,0.1142056137323379,0.6481513977050781,0.0439999997615814,1.0733206272125244,1.07276451587677,1.0729498863220217,54.27001953125,54.47730255126953,0.0,1.6667103409417905e-05,0.0,0.0007834687130525,282.9191589355469,0.0,282.35107421875,282.558349609375,50.0,50.0,294.776611328125,294.776611328125,294.772216796875,283.479248046875,283.27197265625,1424.5482177734375,288.8476867675781,70.4344253540039,337.749267578125,50.0,-9.866807886282911e-07,276.5810241699219,145.99615478515625,0.0,0.0,1700.0,73.36682891845703,0.0,0.0,0.0,73.36682891845703,0.0,0.0,0.0,17726.767578125,35435.16796875,0.0,0.0,0.0,64.87980651855469,81.11434173583984,0.0,0.0,0.0
680.0,0.0,99.53667449951172,0.0001455679739592,1.1054298738599757e-05,0.0,0.0,0.0,1242.0682373046875,1176.9999527455907,2618.69873046875,14.555988311767578,14.63837432861328,7.924896240234375,29.62557601928711,0.3274655342102051,24006.814453125,0.0,0.0,0.0,0.0,62.74794387817383,63.46318817138672,142.94699096679688,275.454345703125,1.2828428745269775,0.9640280604362488,62.427642822265625,64.13719177246094,2.450681209564209,2.4565088748931885,0.0,29.96925163269043,37.81134033203125,71.11592864990234,0.0,438.3013000488281,967108.25,98065.0234375,-3.8243257999420166,-0.7545434832572937,0.7783815264701843,2.3018362522125244,-6.149999618530273,0.0011132817016914,0.117440789937973,0.6699082851409912,0.0439999997615814,1.0733206272125244,1.07276451587677,1.0729498863220217,54.768917083740234,54.97626495361328,0.0,1.6664504073560238e-05,0.0,0.0008056903025135,282.9256591796875,0.0,282.3594665527344,282.56683349609375,50.0,50.0,294.6895751953125,294.6895751953125,294.6852722167969,283.4852600097656,283.27789306640625,1419.6202392578125,288.80743408203125,70.40730285644531,338.2541809082031,50.0,3.3756841730792075e-06,276.7761535644531,146.034423828125,0.0,0.0,1700.0,72.61082458496094,0.0,0.0,0.0,72.61082458496094,0.0,0.0,0.0,17726.767578125,35435.16796875,0.0,0.0,0.0,64.89920043945312,81.1333999633789,0.0,0.0,0.0
690.0,0.0,100.35242462158205,0.0001460815692553,1.1063972124247812e-05,0.0,0.0,0.0,1242.0511474609375,1176.9999527455907,2615.6669921875,14.537467956542969,14.626872062683104,7.924896240234375,30.10785675048828,0.3335746824741363,24412.51953125,0.0,0.0,0.0,0.0,62.530250549316406,63.32794952392578,143.86599731445312,277.2055358886719,1.2823572158813477,0.963951587677002,62.44173049926758,64.1520004272461,2.431936264038086,2.437632322311402,0.0,29.910953521728516,37.685028076171875,70.5694580078125,0.0,438.3128967285156,990517.25,100560.1875,-3.842000722885132,-0.7720553278923035,0.7785154581069946,2.3015387058258057,-6.149999618530273,0.0011140136048197,0.1207067742943763,0.6918672919273376,0.0439999997615814,1.0733206272125244,1.07276451587677,1.0729498863220217,55.26309585571289,55.470516204833984,0.0,1.6662139387335628e-05,0.0,0.0008279306930489,282.930908203125,0.0,282.3665466308594,282.573974609375,50.0,50.0,294.6044921875,294.6044921875,294.60028076171875,283.4899597167969,283.28253173828125,1414.6943359375,288.767578125,70.38017272949219,338.7530517578125,50.0,-7.875020742176275e-07,276.9678649902344,146.0694122314453,0.0,0.0,1700.0,71.86150360107422,0.0,0.0,0.0,71.86150360107422,0.0,0.0,0.0,17726.767578125,35435.16796875,0.0,0.0,0.0,64.91699981689453,81.1507339477539,0.0,0.0,0.0
700.0,0.0,101.155029296875,0.00014660913439,1.107373282138724e-05,0.0,0.0,0.0,1242.0281982421875,1176.9999527455907,2612.580810546875,14.518909454345703,14.615341186523438,7.924896240234375,30.582210540771484,0.3396839201450348,24818.310546875,0.0,0.0,0.0,0.0,62.31208038330078,63.19237518310547,144.78793334960938,278.9363708496094,1.2818721532821655,0.9638758897781372,62.45446014404297,64.16539764404297,2.4138245582580566,2.419378757476806,0.0,29.854557037353516,37.564208984375,70.041015625,0.0,438.3244934082031,1013923.4375,103052.8828125,-3.8594179153442383,-0.7893637418746948,0.7786464095115662,2.3012990951538086,-6.149999618530273,0.0011147659970447,0.1240034401416778,0.7140264511108398,0.0439999997615814,1.0733206272125244,1.07276451587677,1.0729498863220217,55.7591438293457,55.96659469604492,0.0,1.666006210143678e-05,0.0,0.0008501885458827,282.9351501464844,0.0,282.3723449707031,282.579833984375,50.0,50.0,294.5213623046875,294.5213623046875,294.5172424316406,283.49359130859375,283.2861328125,1409.7706298828125,288.7281799316406,70.3530502319336,339.25274658203125,50.0,-4.394954885356128e-06,277.15643310546875,146.10113525390625,0.0,0.0,1700.0,71.1109848022461,0.0,0.0,0.0,71.1109848022461,0.0,0.0,0.0,17726.767578125,35435.16796875,0.0,0.0,0.0,64.93293762207031,81.16667175292969,0.0,0.0,0.0
710.0,0.0,101.94796752929688,0.0001471505966037,1.1083579011028633e-05,0.0,0.0,0.0,1242.001953125,1176.9999527455907,2609.336181640625,14.50031852722168,14.603774070739746,7.924896240234375,31.039867401123047,0.3457929491996765,25224.189453125,0.0,0.0,0.0,0.0,62.09351348876953,63.05636978149414,145.74143981933594,280.64642333984375,1.2813868522644043,0.9637998938560486,62.465946197509766,64.177490234375,2.396308660507202,2.4016776084899902,0.0,29.805341720581055,37.457332611083984,69.528564453125,0.0,438.3360900878906,1037326.75,105543.109375,-3.876621723175049,-0.8064642548561096,0.7787735462188721,2.3010687828063965,-6.149999618530273,0.0011155393440276,0.1273306757211685,0.7363849878311157,0.0439999997615814,1.0733206272125244,1.07276451587677,1.0729498863220217,56.27265167236328,56.48023986816406,0.0,1.6658230379107408e-05,0.0,0.0008724638610146,282.939208984375,0.0,282.3775939941406,282.5851745605469,50.0,50.0,294.4406433105469,294.4406433105469,294.4366760253906,283.49676513671875,283.2891845703125,1404.848876953125,288.6898498535156,70.32592010498047,339.7694396972656,50.0,2.3076288471202133e-06,277.3383483886719,146.12985229492188,0.0,0.0,1700.0,70.33490753173828,0.0,0.0,0.0,70.33490753173828,0.0,0.0,0.0,17726.767578125,35435.16796875,0.0,0.0,0.0,64.94728088378906,81.18120574951172,0.0,0.0,0.0
720.0,0.0,102.72572326660156,0.0001477058976888,1.1093515240645502e-05,0.0,0.0,0.0,1241.970947265625,1176.9999527455907,2606.018310546875,14.481703758239746,14.592174530029297,7.924896240234375,31.48725128173828,0.3519017100334167,25630.14453125,0.0,0.0,0.0,0.0,61.87464904785156,62.91997528076172,146.69847106933594,282.3354187011719,1.2809014320373535,0.9637237787246704,62.47632598876953,64.18841552734375,2.37935471534729,2.3846065998077393,0.0,29.75908470153809,37.35805892944336,69.03436279296875,0.0,438.3476867675781,1060727.375,108030.859375,-3.893578290939331,-0.823354184627533,0.7788969278335571,2.3008790016174316,-6.149999618530273,0.0011163334129378,0.1306883841753006,0.758942723274231,0.0439999997615814,1.0733206272125244,1.07276451587677,1.0729498863220217,56.78938293457031,56.99700546264648,0.0,1.6656662410241552e-05,0.0,0.0008947573951445,282.94256591796875,0.0,282.38226318359375,282.5898742675781,50.0,50.0,294.3623352050781,294.3623352050781,294.35845947265625,283.49957275390625,283.29193115234375,1399.929443359375,288.6523742675781,70.29879760742188,340.2889404296875,50.0,2.0171114556433167e-06,277.51617431640625,146.15594482421875,0.0,0.0,1700.0,69.55458068847656,0.0,0.0,0.0,69.55458068847656,0.0,0.0,0.0,17726.767578125,35435.16796875,0.0,0.0,0.0,64.96056365966797,81.19412994384766,0.0,0.0,0.0
730.0,0.0,103.49079895019533,0.0001482750230934,1.1103540600743145e-05,0.0,0.0,0.0,1241.9354248046875,1176.9999527455907,2602.671630859375,14.463067054748535,14.580552101135254,7.924896240234375,31.926021575927734,0.358010321855545,26036.166015625,0.0,0.0,0.0,0.0,61.655521392822266,62.78329849243164,147.6475067138672,284.0034484863281,1.2804160118103027,0.963647723197937,62.485626220703125,64.19821166992188,2.362931251525879,2.3680737018585205,0.0,29.71388053894043,37.26089859008789,68.55573272705078,0.0,438.3592834472656,1084125.125,110516.1640625,-3.910273790359497,-0.8400344848632812,0.7790177464485168,2.3007426261901855,-6.149999618530273,0.0011171484366059,0.1340764015913009,0.7816976308822632,0.0439999997615814,1.0733206272125244,1.07276451587677,1.0729498863220217,57.30265426635742,57.510311126708984,0.0,1.665535819483921e-05,0.0,0.0009170680423267,282.9449768066406,0.0,282.38604736328125,282.5936584472656,50.0,50.0,294.28558349609375,294.28558349609375,294.28179931640625,283.50146484375,283.2937927246094,1395.0120849609375,288.6152648925781,70.27166748046875,340.8041076660156,50.0,3.636104338511359e-06,277.6905822753906,146.17942810058594,0.0,0.0,1700.0,68.78079986572266,0.0,0.0,0.0,68.78079986572266,0.0,0.0,0.0,17726.767578125,35435.16796875,0.0,0.0,0.0,64.97216796875,81.2061538696289,0.0,0.0,0.0
740.0,0.0,104.24397277832033,0.0001488579146098,1.1113649634353353e-05,0.0,0.0,0.0,1241.8953857421875,1176.9999527455907,2599.295654296875,14.44439697265625,14.56890869140625,7.924896240234375,32.356319427490234,0.3641186058521271,26442.25390625,0.0,0.0,0.0,0.0,61.43598175048828,62.6463737487793,148.5887451171875,285.6507873535156,1.2799309492111206,0.963571846485138,62.49388122558594,64.20692443847656,2.3470094203948975,2.352043390274048,0.0,29.669946670532227,37.167118072509766,68.09165954589844,0.0,438.3708801269531,1107520.25,112998.9921875,-3.9267168045043945,-0.8565078973770142,0.7791361808776855,2.300654649734497,-6.149999618530273,0.001117984065786,0.1374946683645248,0.8046488165855408,0.0439999997615814,1.0733206272125244,1.07276451587677,1.0729498863220217,57.812469482421875,58.02019119262695,0.0,1.6654308637953363e-05,0.0,0.0009393952204845,282.946533203125,0.0,282.3888854980469,282.59661865234375,50.0,50.0,294.2104187011719,294.2104187011719,294.2066955566406,283.5025634765625,283.29486083984375,1390.0970458984375,288.57843017578125,70.24453735351562,341.3150329589844,50.0,-2.9690045266761445e-06,277.86163330078125,146.200439453125,0.0,0.0,1700.0,68.01338195800781,0.0,0.0,0.0,68.01338195800781,0.0,0.0,0.0,17726.767578125,35435.16796875,0.0,0.0,0.0,64.98248291015625,81.21697235107422,0.0,0.0,0.0
750.0,0.0,104.98577880859376,0.0001494544703746,1.1123845069960224e-05,0.0,0.0,0.0,1241.8514404296875,1176.9999527455907,2595.89013671875,14.425703048706056,14.55724048614502,7.924896240234375,32.778282165527344,0.3702264130115509,26848.392578125,0.0,0.0,0.0,0.0,61.21614456176758,62.509151458740234,149.52224731445312,287.2776794433594,1.2794454097747805,0.9634957313537598,62.50113677978515,64.21458435058594,2.3315627574920654,2.3364877700805664,0.0,29.627702713012695,37.07756042480469,67.64131927490234,0.0,438.3824768066406,1130912.5,115479.390625,-3.942913770675659,-0.8727767467498779,0.7792522311210632,2.300610303878784,-6.149999618530273,0.0011188409989699,0.1409430056810379,0.8277947902679443,0.0439999997615814,1.0733206272125244,1.07276451587677,1.0729498863220217,58.31892395019531,58.52667999267578,0.0,1.6653519196552224e-05,0.0,0.0009617383475415,282.94732666015625,0.0,282.39080810546875,282.5986022949219,50.0,50.0,294.13671875,294.13671875,294.13311767578125,283.50286865234375,283.2951354980469,1385.1839599609375,288.5420227050781,70.21741485595703,341.8218078613281,50.0,2.8011515951220645e-06,278.02935791015625,146.2190399169922,0.0,0.0,1700.0,67.25225830078125,0.0,0.0,0.0,67.25225830078125,0.0,0.0,0.0,17726.767578125,35435.16796875,0.0,0.0,0.0,64.99148559570312,81.2266845703125,0.0,0.0,0.0
760.0,0.0,105.7141571044922,0.0001500647049397,1.113412781705847e-05,0.0,0.0,0.0,1241.8035888671875,1176.9999527455907,2592.540283203125,14.406988143920898,14.545554161071776,7.924896240234375,33.19491958618164,0.3763341605663299,27254.58203125,0.0,0.0,0.0,0.0,60.996055603027344,62.371707916259766,150.4147491455078,288.88433837890625,1.278960108757019,0.9634197354316713,62.50743103027344,64.22124481201172,2.316566228866577,2.321399211883545,0.0,29.587148666381836,36.99180221557617,67.20450592041016,0.0,438.3940734863281,1154301.875,117957.3359375,-3.9588534832000737,-0.8888433575630188,0.7793658971786499,2.300623893737793,-6.149999618530273,0.0011197186540812,0.1444213539361953,0.8511343002319336,0.0439999997615814,1.0733206272125244,1.07276451587677,1.0729498863220217,58.80957794189453,59.01736831665039,0.0,1.6652980775688775e-05,0.0,0.0009840967832133,282.94708251953125,0.0,282.3919372558594,282.5997619628906,50.0,50.0,294.0645446777344,294.0645446777344,294.06097412109375,283.5024719238281,283.294677734375,1380.27294921875,288.50592041015625,70.1902847290039,342.3120422363281,50.0,2.8382803520798916e-06,278.1949768066406,146.2353515625,0.0,0.0,1700.0,66.51588439941406,0.0,0.0,0.0,66.51588439941406,0.0,0.0,0.0,17726.767578125,35435.16796875,0.0,0.0,0.0,64.99919891357422,81.23539733886719,0.0,0.0,0.0
770.0,0.0,106.4096221923828,0.0001506884436821,1.1144491509185173e-05,0.0,0.0,0.0,1241.7427978515625,1176.9999527455907,2595.465576171875,14.388249397277832,14.53384017944336,7.924896240234375,33.66484832763672,0.3824415504932403,27660.8125,0.0,0.0,0.0,0.0,60.775665283203125,62.233943939208984,151.1245880126953,290.4735412597656,1.2784749269485474,0.963343858718872,62.51251220703125,64.22664642333984,2.301997661590576,2.307025671005249,0.0,29.522302627563477,36.85789108276367,66.78839111328125,0.0,438.4056701660156,1177688.875,120432.8125,-3.974343061447144,-0.9047354459762572,0.7794823050498962,2.3009097576141357,-6.149999618530273,0.001120617147535,0.1479296237230301,0.8746628165245056,0.0439999997615814,1.0733206272125244,1.07276451587677,1.0729498863220217,59.198883056640625,59.406707763671875,0.0,1.665271156525705e-05,0.0,0.0010064664529636,282.9420471191406,0.0,282.3899841308594,282.59783935546875,50.0,50.0,293.99066162109375,293.99066162109375,293.9869384765625,283.49853515625,283.29071044921875,1375.364013671875,288.4664611816406,70.16316223144531,342.6974182128906,50.0,3.317361006338615e-06,278.38177490234375,146.24880981445312,0.0,0.0,1700.0,65.93709564208984,0.0,0.0,0.0,65.93709564208984,0.0,0.0,0.0,17726.767578125,35435.16796875,0.0,0.0,0.0,65.0052261352539,81.24300384521484,0.0,0.0,0.0
780.0,0.0,107.113525390625,0.0001513256283942,1.1154937055835036e-05,0.0,0.0,0.0,1241.6806640625,1176.9999527455907,2593.366943359375,14.36948299407959,14.52209758758545,7.924896240234375,34.131649017333984,0.3885487020015716,28067.07421875,0.0,0.0,0.0,0.0,60.55492401123047,62.09583282470703,151.8669891357422,292.0470275878906,1.2779897451400757,0.9632680416107178,62.516212463378906,64.23060607910156,2.2878353595733643,2.2926948070526123,0.0,29.46653938293457,36.7425651550293,66.3735122680664,0.0,438.4172668457031,1201072.75,122905.8671875,-3.989687919616699,-0.9204702973365784,0.7795983552932739,2.3011839389801025,-6.149999618530273,0.0011215368285775,0.1514676511287689,0.8983747363090515,0.0439999997615814,1.0733206272125244,1.07276451587677,1.0729498863220217,59.60242462158203,59.81031799316406,0.0,1.6652698832331225e-05,0.0,0.0010288418270647,282.93719482421875,0.0,282.3860778808594,282.593994140625,50.0,50.0,293.9169616699219,293.9169616699219,293.91339111328125,283.4925842285156,283.28466796875,1370.45654296875,288.4271240234375,70.13603210449219,343.0950012207031,50.0,4.1663902266009245e-06,278.56732177734375,146.25897216796875,0.0,0.0,1700.0,65.33992767333984,0.0,0.0,0.0,65.33992767333984,0.0,0.0,0.0,17726.767578125,35435.16796875,0.0,0.0,0.0,65.00910186767578,81.2494125366211,0.0,0.0,0.0
790.0,0.0,107.82111358642578,0.000151976259076,1.1165465366502758e-05,0.0,0.0,0.0,1241.622314453125,1176.9999527455907,2590.77880859375,14.350696563720703,14.510335922241213,7.924896240234375,34.53755569458008,0.3946557641029358,28473.359375,0.0,0.0,0.0,0.0,60.33393859863281,61.957481384277344,152.76573181152344,293.6024169921875,1.2775042057037354,0.96319180727005,62.51899337768555,64.23360443115234,2.274059772491455,2.278647184371948,0.0,29.435911178588867,36.67877960205078,65.96683502197266,0.0,438.42877197265625,1224453.875,125376.46875,-4.005019187927246,-0.9360241293907166,0.7797074317932129,2.301297187805176,-6.149999618530273,0.0011224778136238,0.1550353020429611,0.9222742915153505,0.0439999997615814,1.0733206272125244,1.07276451587677,1.0729498863220217,60.07971954345703,60.287715911865234,0.0,1.665292620600667e-05,0.0,0.001051228842698,282.9351806640625,0.0,282.38385009765625,282.5918273925781,50.0,50.0,293.84771728515625,293.84771728515625,293.8443298339844,283.4889221191406,283.2809143066406,1365.5509033203125,288.39154052734375,70.1089096069336,343.5686340332031,50.0,1.5912897879388763e-06,278.7286682128906,146.26683044433594,0.0,0.0,1700.0,64.60757446289062,0.0,0.0,0.0,64.60757446289062,0.0,0.0,0.0,17726.767578125,35435.16796875,0.0,0.0,0.0,65.01197052001953,81.2545166015625,0.0,0.0,0.0
800.0,0.0,108.5104522705078,0.0001526403502793,1.1176077350683045e-05,0.0,0.0,0.0,1241.5609130859375,1176.9999527455907,2588.187255859375,14.331896781921388,14.498558044433594,7.924896240234375,34.93471908569336,0.4007632136344909,28879.669921875,0.0,0.0,0.0,0.0,60.1127815246582,61.818946838378906,153.6597442626953,295.138427734375,1.2770190238952637,0.9631158709526062,62.521095275878906,64.23588562011719,2.2606520652770996,2.2651588916778564,0.0,29.406129837036133,36.616676330566406,65.57634735107422,0.0,438.4397583007813,1247832.375,127844.6328125,-4.020125865936279,-0.9513842463493348,0.7798131704330444,2.3014450073242188,-6.149999618530273,0.0011234395205974,0.1586325317621231,0.9463639855384828,0.0439999997615814,1.0733206272125244,1.07276451587677,1.0729498863220217,60.541046142578125,60.74907302856445,0.0,1.6653415514156222e-05,0.0,0.0010736308759078,282.9325866699219,0.0,282.3818664550781,282.5898742675781,50.0,50.0,293.7805480957031,293.7805480957031,293.7772216796875,283.48577880859375,283.27777099609375,1360.6473388671875,288.35662841796875,70.08177947998047,344.0268249511719,50.0,2.3408636025123997e-06,278.88653564453125,146.27310180664062,0.0,0.0,1700.0,63.8785514831543,0.0,0.0,0.0,63.8785514831543,0.0,0.0,0.0,17726.767578125,35435.16796875,0.0,0.0,0.0,65.01400756835938,81.25882720947266,0.0,0.0,0.0
810.0,0.0,109.16957092285156,0.000153317785589,1.118677118938649e-05,0.0,0.0,0.0,1241.48974609375,314.99998519276,2585.983642578125,14.313082695007324,14.486764907836914,7.924896240234375,35.358219146728516,0.4068703949451446,29285.990234375,0.0,0.0,0.0,0.0,59.891456604003906,61.680213928222656,154.40457153320312,296.6560363769531,1.276533842086792,0.9630399942398072,62.522438049316406,64.23735809326172,2.2475955486297607,2.25230073928833,0.0,29.36092758178711,36.52500915527344,65.20410919189453,0.0,438.45074462890625,1271208.25,130310.375,-4.034852504730225,-0.9665603637695312,0.7799193263053894,2.301788330078125,-6.149999618530273,0.0011244227644056,0.1622592210769653,0.9706413745880128,0.0439999997615814,1.0733206272125244,1.07276451587677,1.0729498863220217,60.93326187133789,61.14129257202149,0.0,1.6654155842843466e-05,0.0,0.0010960467625409,282.926513671875,0.0,282.37841796875,282.58648681640625,50.0,50.0,293.71319580078125,293.71319580078125,293.7096862792969,283.48101806640625,283.2729797363281,1355.7454833984375,288.3200378417969,70.05465698242188,344.4142761230469,50.0,-1.29691727579484e-06,279.0549011230469,146.277587890625,0.0,0.0,1700.0,63.26213455200195,0.0,0.0,0.0,63.26213455200195,0.0,0.0,0.0,17726.767578125,35435.16796875,0.0,0.0,0.0,65.01541137695312,81.26202392578125,0.0,0.0,0.0
820.0,0.0,109.82331085205078,0.0001540084485895,1.1197544154128993e-05,0.0,0.0,0.0,1241.4112548828125,141.26724995174771,2584.125244140625,14.294244766235352,14.474946975708008,7.924896240234375,35.81938171386719,0.4129771888256073,29692.310546875,0.0,0.0,0.0,0.0,59.669830322265625,61.54119110107422,155.03709411621094,298.158935546875,1.2760483026504517,0.9629637002944946,62.522579193115234,64.23759460449219,2.2348742485046387,2.23958420753479,0.0,29.30474281311035,36.41094970703125,64.8359603881836,0.0,438.4617309570313,1294581.5,132773.703125,-4.049269199371338,-0.9815893173217772,0.7800291180610657,2.302290439605713,-6.149999618530273,0.001125426730141,0.1659151762723922,0.9950977563858032,0.0439999997615814,1.0733206272125244,1.07276451587677,1.0729498863220217,61.26726150512695,61.47532272338867,0.0,1.665514355408959e-05,0.0,0.0011184673057869,282.9176330566406,0.0,282.37158203125,282.5796813964844,50.0,50.0,293.6434631347656,293.6434631347656,293.6399841308594,283.47235107421875,283.2643127441406,1350.8453369140625,288.2807922363281,70.02752685546875,344.7396240234375,50.0,-9.263898732569942e-07,279.23822021484375,146.27923583984375,0.0,0.0,1700.0,62.74454498291016,0.0,0.0,0.0,62.74454498291016,0.0,0.0,0.0,17726.767578125,35435.16796875,0.0,0.0,0.0,65.0147933959961,81.2644271850586,0.0,0.0,0.0
830.0,0.0,110.46643829345705,0.0001547122228657,1.1208396244910546e-05,0.0,0.0,0.0,1241.3282470703125,0.0,2582.404296875,14.275382995605469,14.463104248046877,7.924896240234375,36.290252685546875,0.4190838634967804,30098.6328125,0.0,0.0,0.0,0.0,59.44790267944336,61.40187454223633,155.62069702148438,299.6482849121094,1.27556312084198,0.9628877639770508,62.521507263183594,64.236572265625,2.22247314453125,2.2271792888641357,0.0,29.247922897338867,36.29689025878906,64.47683715820312,0.0,438.47271728515625,1317951.625,135234.578125,-4.063474178314209,-0.9964828491210938,0.7801387310028076,2.3028693199157715,-6.149999618530273,0.0011264517670497,0.1696004420518875,1.019730806350708,0.0439999997615814,1.0733206272125244,1.07276451587677,1.0729498863220217,61.5776252746582,61.785789489746094,0.0,1.665638956183102e-05,0.0,0.0011408907594159,282.9073791503906,0.0,282.3630065917969,282.5711364746094,50.0,50.0,293.5738830566406,293.5738830566406,293.5704040527344,283.4619445800781,283.2537841796875,1345.9466552734375,288.24090576171875,70.00039672851562,345.0395812988281,50.0,5.231441264186287e-06,279.42535400390625,146.27798461914062,0.0,0.0,1700.0,62.26728820800781,0.0,0.0,0.0,62.26728820800781,0.0,0.0,0.0,17726.767578125,35435.16796875,0.0,0.0,0.0,65.01248168945312,81.26563262939453,0.0,0.0,0.0
840.0,0.0,111.10340118408205,0.000155429035658,1.1219322914257646e-05,0.0,0.0,0.0,1241.242431640625,0.0,2580.73388671875,14.256498336791992,14.451234817504885,7.924896240234375,36.763038635253906,0.4251902401447296,30504.955078125,0.0,0.0,0.0,0.0,59.22568893432617,61.262237548828125,156.18682861328125,301.1250305175781,1.275078058242798,0.962812066078186,62.51920700073242,64.23426055908203,2.2103774547576904,2.215022087097168,0.0,29.19490623474121,36.190860748291016,64.12489318847656,0.0,438.4837036132813,1341319.125,137693.046875,-4.077520370483398,-1.0112502574920654,0.7802474498748779,2.3034822940826416,-6.149999618530273,0.0011274983407929,0.1733147650957107,1.0445375442504885,0.0439999997615814,1.0733206272125244,1.07276451587677,1.0729498863220217,61.8792724609375,62.08743667602539,0.0,1.6657895685057156e-05,0.0,0.0011633150279521,282.89654541015625,0.0,282.3533630371094,282.5615539550781,50.0,50.0,293.50482177734375,293.50482177734375,293.50140380859375,283.450439453125,283.24224853515625,1341.048828125,288.2009582519531,69.97327423095703,345.3297119140625,50.0,-3.980772362410789e-06,279.6133117675781,146.27378845214844,0.0,0.0,1700.0,61.80570983886719,0.0,0.0,0.0,61.80570983886719,0.0,0.0,0.0,17726.767578125,35435.16796875,0.0,0.0,0.0,65.00862884521484,81.26543426513672,0.0,0.0,0.0
850.0,0.0,111.73171997070312,0.0001561588287586,1.12303287096438e-05,0.0,0.0,0.0,1241.153076171875,0.0,2579.07080078125,14.237589836120604,14.439345359802246,7.924896240234375,37.2316780090332,0.4312961995601654,30911.275390625,0.0,0.0,0.0,0.0,59.003177642822266,61.12234878540039,156.74839782714844,302.58905029296875,1.2745922803878784,0.9627357125282288,62.51580429077149,64.2308120727539,2.198575019836426,2.203169345855713,0.0,29.145055770874023,36.09158706665039,63.78175354003906,0.0,438.49468994140625,1364684.0,140149.09375,-4.09140157699585,-1.0258904695510864,0.7803549766540527,2.304133653640747,-6.149999618530273,0.0011285658692941,0.1770581156015396,1.0695182085037231,0.0439999997615814,1.0733206272125244,1.07276451587677,1.0729498863220217,62.179161071777344,62.387359619140625,0.0,1.6659632819937542e-05,0.0,0.0011857412755489,282.885009765625,0.0,282.3429870605469,282.55120849609375,50.0,50.0,293.4365539550781,293.4365539550781,293.43316650390625,283.4383239746094,283.2301330566406,1336.153076171875,288.16107177734375,69.9461441040039,345.61749267578125,50.0,1.359302473247226e-06,279.7995910644531,146.26693725585938,0.0,0.0,1700.0,61.34785461425781,0.0,0.0,0.0,61.34785461425781,0.0,0.0,0.0,17726.767578125,35435.16796875,0.0,0.0,0.0,65.0029067993164,81.2644271850586,0.0,0.0,0.0
860.0,0.0,112.32540893554688,0.0001569015585118,1.12414099930902e-05,0.0,0.0,0.0,1241.0545654296875,0.0,2578.037841796875,14.21866226196289,14.427430152893066,7.924896240234375,37.812957763671875,0.4374014139175415,31317.556640625,0.0,0.0,0.0,0.0,58.78043746948242,60.9821662902832,157.0771484375,304.0413818359375,1.2741073369979858,0.9626599550247192,62.51134490966797,64.22624969482422,2.1870527267456055,2.19187593460083,0.0,29.086336135864254,35.97541427612305,63.45480728149414,0.0,438.5056762695313,1388046.125,142602.71875,-4.104942798614502,-1.0404138565063477,0.7804622054100037,2.3050084114074707,-6.149999618530273,0.0011296547017991,0.1808303743600845,1.0946718454360962,0.0439999997615814,1.0733206272125244,1.07276451587677,1.0729498863220217,62.37070846557617,62.578975677490234,0.0,1.6661630070302635e-05,0.0,0.0012081698514521,282.8695068359375,0.0,282.331298828125,282.5395812988281,50.0,50.0,293.3684997558594,293.3684997558594,293.36492919921875,283.4250183105469,283.2167663574219,1331.25732421875,288.12005615234375,69.91902160644531,345.7957458496094,50.0,-2.0411350760696223e-06,280.0306701660156,146.25759887695312,0.0,0.0,1700.0,61.06423568725586,0.0,0.0,0.0,61.06423568725586,0.0,0.0,0.0,17726.767578125,35435.16796875,0.0,0.0,0.0,64.9961166381836,81.26202392578125,0.0,0.0,0.0
870.0,0.0,112.90050506591795,0.0001576569920871,1.125256221712334e-05,0.0,0.0,0.0,1240.9586181640625,0.0,2577.980224609375,14.199703216552734,14.415483474731444,7.924896240234375,38.37154769897461,0.4435064792633056,31723.806640625,0.0,0.0,0.0,0.0,58.55728912353515,60.841590881347656,157.10304260253906,305.490234375,1.273621916770935,0.9625839591026306,62.50517272949219,64.21990966796875,2.1757993698120117,2.1807384490966797,0.0,29.00015640258789,35.80559158325195,63.13237762451172,0.0,438.51666259765625,1411405.5,145053.96875,-4.118244171142578,-1.0549023151397705,0.7805778980255127,2.306079864501953,-6.149999618530273,0.0011307649547234,0.1846314221620559,1.1199856996536257,0.0439999997615814,1.0733206272125244,1.07276451587677,1.0729498863220217,62.40003967285156,62.60833740234375,0.0,1.666387470322661e-05,0.0,0.001230587135069,282.85052490234375,0.0,282.314453125,282.5227966308594,50.0,50.0,293.2950134277344,293.2950134277344,293.2913513183594,283.4056091308594,283.1972961425781,1326.3616943359375,288.0732727050781,69.89189147949219,345.8056335449219,50.0,3.3502362839499256e-06,280.252685546875,146.24423217773438,0.0,0.0,1700.0,61.04851531982422,0.0,0.0,0.0,61.04851531982422,0.0,0.0,0.0,17726.767578125,35435.16796875,0.0,0.0,0.0,64.98699188232422,81.25802612304688,0.0,0.0,0.0
880.0,0.0,113.47405242919922,0.0001584249548614,1.1263782653259112e-05,0.0,0.0,0.0,1240.8507080078125,0.0,2578.037841796875,14.180709838867188,14.403501510620115,7.924896240234375,38.984962463378906,0.4496108591556549,32130.013671875,0.0,0.0,0.0,0.0,58.33371353149414,60.70059967041016,157.08099365234375,306.9376220703125,1.2731366157531738,0.9625077843666076,62.49729919433594,64.21182250976562,2.164803981781006,2.1696927547454834,0.0,28.924118041992188,35.65604782104492,62.81260681152344,0.0,438.5276489257813,1434762.125,147502.765625,-4.1313982009887695,-1.0693762302398682,0.7806932330131531,2.307284355163574,-6.149999618530273,0.0011318960459902,0.1884612143039703,1.145455002784729,0.0439999997615814,1.0733206272125244,1.07276451587677,1.0729498863220217,62.411399841308594,62.61980056762695,0.0,1.666635762376245e-05,0.0,0.0012529897503554,282.82916259765625,0.0,282.29571533203125,282.5041198730469,50.0,50.0,293.2218017578125,293.2218017578125,293.21820068359375,283.3843078613281,283.1759033203125,1321.466064453125,288.0264587402344,69.8647689819336,345.79571533203125,50.0,-7.965820145727776e-07,280.49652099609375,146.22677612304688,0.0,0.0,1700.0,61.06427764892578,0.0,0.0,0.0,61.06427764892578,0.0,0.0,0.0,17726.767578125,35435.16796875,0.0,0.0,0.0,64.97471618652344,81.25302124023438,0.0,0.0,0.0
890.0,0.0,114.04171752929688,0.0001592054468346,1.1275069482508115e-05,0.0,0.0,0.0,1240.74609375,0.0,2577.958740234375,14.161704063415527,14.391487121582031,7.924896240234375,39.55046463012695,0.4557153284549713,32536.171875,0.0,0.0,0.0,0.0,58.10996627807617,60.55921936035156,157.1101837158203,308.38348388671875,1.2726513147354126,0.9624319076538086,62.48787689208984,64.20211029052734,2.1540560722351074,2.158923387527466,0.0,28.85272216796875,35.51664352416992,62.500831604003906,0.0,438.53863525390625,1458116.125,149949.171875,-4.144603729248047,-1.083834886550903,0.7808078527450562,2.3084230422973633,-6.149999618530273,0.001133048790507,0.1923195868730545,1.1710807085037231,0.0439999997615814,1.0733206272125244,1.07276451587677,1.0729498863220217,62.4468994140625,62.65536880493164,0.0,1.6669098840793595e-05,0.0,0.0012753796763718,282.8089599609375,0.0,282.27618408203125,282.484619140625,50.0,50.0,293.1490478515625,293.1490478515625,293.14544677734375,283.3624572753906,283.15399169921875,1316.5703125,287.9794921875,69.83763885498047,345.8093566894531,50.0,-2.0765212411788525e-06,280.7213134765625,146.2056121826172,0.0,0.0,1700.0,61.04256057739258,0.0,0.0,0.0,61.04256057739258,0.0,0.0,0.0,17726.767578125,35435.16796875,0.0,0.0,0.0,64.9605484008789,81.24620819091797,0.0,0.0,0.0
900.0,0.0,114.6003189086914,0.0001599983806954,1.128642907133326e-05,0.0,0.0,0.0,1240.6287841796875,0.0,2578.0263671875,14.142669677734377,14.379443168640137,7.924896240234375,40.161109924316406,0.4618195295333862,32942.26171875,0.0,0.0,0.0,0.0,57.88587188720703,60.417484283447266,157.08468627929688,309.82794189453125,1.2721660137176514,0.96235591173172,62.47703552246094,64.19091033935547,2.143545627593994,2.1483733654022217,0.0,28.786611557006836,35.38906478881836,62.19540786743164,0.0,438.5496215820313,1481467.375,152393.171875,-4.1576457023620605,-1.0982794761657717,0.7809217572212219,2.3097119331359863,-6.149999618530273,0.0011342227226123,0.1962064802646637,1.1968624591827393,0.0439999997615814,1.0733206272125244,1.07276451587677,1.0729498863220217,62.45792007446289,62.66645812988281,0.0,1.667207106947899e-05,0.0,0.0012977573787793,282.78607177734375,0.0,282.2555847167969,282.464111328125,50.0,50.0,293.07672119140625,293.07672119140625,293.0731506347656,283.33978271484375,283.1312561035156,1311.6746826171875,287.93243408203125,69.81051635742188,345.7976989746094,50.0,-4.241460828779964e-06,280.96405029296875,146.18104553222656,0.0,0.0,1700.0,61.06113052368164,0.0,0.0,0.0,61.06113052368164,0.0,0.0,0.0,17726.767578125,35435.16796875,0.0,0.0,0.0,64.94464874267578,81.23770141601562,0.0,0.0,0.0
910.0,0.0,115.15315246582033,0.0001608036836842,1.1297856872261036e-05,0.0,0.0,0.0,1240.513671875,0.0,2577.962158203125,14.123611450195312,14.367374420166016,7.924896240234375,40.721248626708984,0.467923492193222,33348.27734375,0.0,0.0,0.0,0.0,57.661476135253906,60.27544021606445,157.1099090576172,311.2709045410156,1.2716810703277588,0.9622802734375,62.46485900878906,64.17829895019531,2.1332638263702393,2.1380856037139893,0.0,28.721342086791992,35.26445007324219,61.897579193115234,0.0,438.56060791015625,1504815.75,154834.75,-4.170721054077148,-1.1127090454101562,0.7810356616973877,2.3109519481658936,-6.149999618530273,0.0011354179587215,0.2001217454671859,1.2227989435195925,0.0439999997615814,1.0733206272125244,1.07276451587677,1.0729498863220217,62.49240493774414,62.70097732543945,0.0,1.66753088706173e-05,0.0,0.001320123206824,282.7640075683594,0.0,282.234130859375,282.4426574707031,50.0,50.0,293.00439453125,293.00439453125,293.0008239746094,283.31634521484375,283.1077880859375,1306.779052734375,287.8847351074219,69.78338623046875,345.8087463378906,50.0,3.8936482269491535e-06,281.1866760253906,146.1532745361328,0.0,0.0,1700.0,61.04350662231445,0.0,0.0,0.0,61.04350662231445,0.0,0.0,0.0,17726.767578125,35435.16796875,0.0,0.0,0.0,64.92736053466797,81.22738647460938,0.0,0.0,0.0
920.0,0.0,115.69683837890624,0.0001616213703528,1.130935015680734e-05,0.0,0.0,0.0,1240.38623046875,0.0,2578.0322265625,14.104541778564451,14.35527801513672,7.924896240234375,41.33083724975586,0.4740271866321563,33754.21484375,0.0,0.0,0.0,0.0,57.436920166015625,60.13307571411133,157.0826873779297,312.71240234375,1.271195888519287,0.9622044563293456,62.451412200927734,64.16436767578125,2.123202085494995,2.1280100345611572,0.0,28.660932540893555,35.14954376220703,61.60589218139648,0.0,438.5715942382813,1528161.5,157274.015625,-4.183635234832764,-1.1271240711212158,0.7811488509178162,2.312339782714844,-6.149999618530273,0.0011366342660039,0.2040654122829437,1.248889684677124,0.0439999997615814,1.0733206272125244,1.07276451587677,1.0729498863220217,62.50471496582031,62.713287353515625,0.0,1.6678779502399266e-05,0.0,0.0013424776261672,282.73931884765625,0.0,282.211669921875,282.4202575683594,50.0,50.0,292.93255615234375,292.93255615234375,292.9289855957031,283.29205322265625,283.0834655761719,1301.88330078125,287.8370361328125,69.75625610351562,345.7967529296875,50.0,-2.460588177655154e-07,281.42901611328125,146.12246704101562,0.0,0.0,1700.0,61.06264114379883,0.0,0.0,0.0,61.06264114379883,0.0,0.0,0.0,17726.767578125,35435.16796875,0.0,0.0,0.0,64.90811157226562,81.2159652709961,0.0,0.0,0.0
930.0,0.0,116.2353057861328,0.0001624512515263,1.1320911653456278e-05,0.0,0.0,0.0,1240.260986328125,0.0,2577.971923828125,14.085453033447266,14.343158721923828,7.924896240234375,41.89016342163086,0.4801306128501892,34160.0625,0.0,0.0,0.0,0.0,57.212135314941406,59.99043273925781,157.1054229736328,314.1523742675781,1.2707107067108154,0.962128520011902,62.4367790222168,64.14917755126953,2.113351821899414,2.1181752681732178,0.0,28.60094451904297,35.037174224853516,61.32117462158203,0.0,438.58258056640625,1551504.75,159710.84375,-4.196584701538086,-1.1415237188339231,0.7812619209289551,2.3136768341064453,-6.149999618530273,0.0011378722265362,0.2080372273921966,1.275133490562439,0.0439999997615814,1.0733206272125244,1.07276451587677,1.0729498863220217,62.54008102416992,62.748687744140625,0.0,1.668248478381429e-05,0.0,0.0013648201711475,282.71551513671875,0.0,282.1883850097656,282.3970031738281,50.0,50.0,292.8606872558594,292.8606872558594,292.85711669921875,283.26702880859375,283.05841064453125,1296.9876708984375,287.7886962890625,69.72913360595703,345.8070983886719,50.0,7.951352358759323e-07,281.6513366699219,146.0888214111328,0.0,0.0,1700.0,61.04619216918945,0.0,0.0,0.0,61.04619216918945,0.0,0.0,0.0,17726.767578125,35435.16796875,0.0,0.0,0.0,64.88762664794922,81.20294189453125,0.0,0.0,0.0
940.0,0.0,116.76683807373048,0.0001632933272048,1.1332539543218443e-05,0.0,0.0,0.0,1240.1224365234375,0.0,2578.04345703125,14.066349029541016,14.331016540527344,7.924896240234375,42.49967193603515,0.4862334132194519,34565.80859375,0.0,0.0,0.0,0.0,56.987159729003906,59.847503662109375,157.076416015625,315.5908203125,1.2702252864837646,0.9620524644851683,62.420989990234375,64.1327896118164,2.103705406188965,2.1085033416748047,0.0,28.543914794921875,34.93071746826172,61.04117202758789,0.0,438.5935668945313,1574845.125,162145.28125,-4.209360122680664,-1.155908226966858,0.7813751101493835,2.3151729106903076,-6.149999618530273,0.0011391312582418,0.2120372056961059,1.3015285730361938,0.0439999997615814,1.0733206272125244,1.07276451587677,1.0729498863220217,62.55388259887695,62.76255416870117,0.0,1.6686428352841176e-05,0.0,0.0013871507253497,282.6888732910156,0.0,282.1639404296875,282.37261962890625,50.0,50.0,292.78887939453125,292.78887939453125,292.7853088378906,283.24090576171875,283.0322265625,1292.092041015625,287.7400817871094,69.7020034790039,345.7947998046875,50.0,-4.925807843392249e-06,281.8936462402344,146.05239868164062,0.0,0.0,1700.0,61.065773010253906,0.0,0.0,0.0,61.065773010253906,0.0,0.0,0.0,17726.767578125,35435.16796875,0.0,0.0,0.0,64.86566162109375,81.1886215209961,0.0,0.0,0.0
950.0,0.0,117.2779541015625,0.0001641475246287,1.134423382609384e-05,0.0,0.0,0.0,1239.9779052734375,0.0,2577.97802734375,14.047233581542969,14.318849563598633,7.924896240234375,43.059715270996094,0.4923357963562011,34971.453125,0.0,0.0,0.0,0.0,56.76202774047851,59.70428466796875,157.10279846191406,317.02789306640625,1.269740104675293,0.9619763493537904,62.40397644042969,64.11511993408203,2.0942556858062744,2.0993411540985107,0.0,28.473787307739254,34.79849624633789,60.77592468261719,0.0,438.60455322265625,1598182.75,164577.328125,-4.222076416015625,-1.170279026031494,0.7814896702766418,2.3167128562927246,-6.149999618530273,0.0011404115939512,0.2160652130842209,1.3280720710754397,0.0439999997615814,1.0733206272125244,1.07276451587677,1.0729498863220217,62.592979431152344,62.80168533325195,0.0,1.669060657150112e-05,0.0,0.0014094667276367,282.6614074707031,0.0,282.13787841796875,282.3465270996094,50.0,50.0,292.7160949707031,292.7160949707031,292.71234130859375,283.2130432128906,283.00433349609375,1287.1962890625,287.689208984375,69.67488098144531,345.8059997558594,50.0,-6.607534714930807e-07,282.1162414550781,146.01307678222656,0.0,0.0,1700.0,61.04789733886719,0.0,0.0,0.0,61.04789733886719,0.0,0.0,0.0,17726.767578125,35435.16796875,0.0,0.0,0.0,64.84203338623047,81.17308807373047,0.0,0.0,0.0
960.0,0.0,117.8031005859375,0.0001650136109674,1.1355991773598362e-05,0.0,0.0,0.0,1239.821533203125,0.0,2577.921630859375,14.028096199035645,14.30667209625244,7.924896240234375,43.607120513916016,0.4984379410743713,35376.98046875,0.0,0.0,0.0,0.0,56.53661346435547,59.560935974121094,157.07315063476562,318.4635314941406,1.2692548036575315,0.9619004130363464,62.38563537597656,64.09607696533203,2.0849950313568115,2.0899524688720703,0.0,28.41020965576172,34.680633544921875,60.50412368774414,0.0,438.6155395507813,1621517.875,167007.046875,-4.234663009643555,-1.1846352815628052,0.7816064953804016,2.3183655738830566,-6.149999618530273,0.0011417133500799,0.2201211601495742,1.3547587394714355,0.0439999997615814,1.0733206272125244,1.07276451587677,1.0729498863220217,62.63275146484375,62.841461181640625,0.0,1.669502853474114e-05,0.0,0.0014317641034722,282.63189697265625,0.0,282.1096496582031,282.3183898925781,50.0,50.0,292.6419372558594,292.6419372558594,292.6382751464844,283.1829528808594,282.9742431640625,1282.3006591796875,287.6375427246094,69.64775085449219,345.8157043457031,50.0,-3.363596306371619e-06,282.3338317871094,145.97059631347656,0.0,0.0,1700.0,61.03244400024414,0.0,0.0,0.0,61.03244400024414,0.0,0.0,0.0,17726.767578125,35435.16796875,0.0,0.0,64.39120483398438,64.81632995605469,81.15645599365234,0.0,0.0,0.0
970.0,0.0,118.30777740478516,0.0001658915716689,1.1367811566742604e-05,0.0,0.0,0.0,1239.6611328125,0.0,2578.016845703125,14.008949279785156,14.29447078704834,7.924896240234375,44.21906280517578,0.5045397281646729,35782.390625,0.0,0.0,0.0,0.0,56.31107711791992,59.41728973388672,157.088134765625,319.8975830078125,1.2687698602676392,0.9618247747421264,62.36606216430664,64.07572937011719,2.0759172439575195,2.081052303314209,0.0,28.343040466308594,34.55643844604492,60.246463775634766,0.0,438.62652587890625,1644850.0,169434.328125,-4.2471604347229,-1.1989758014678955,0.7817224860191345,2.3200924396514893,-6.149999618530273,0.0011430362937971,0.2242049425840377,1.3815884590148926,0.0439999997615814,1.0733206272125244,1.07276451587677,1.0729498863220217,62.64726638793945,62.85604095458984,0.0,1.6699694242561236e-05,0.0,0.0014540436677634,282.6010437011719,0.0,282.0805969238281,282.28936767578125,50.0,50.0,292.56829833984375,292.56829833984375,292.56451416015625,283.1520690917969,282.94329833984375,1277.4049072265625,287.585205078125,69.6206283569336,345.7993469238281,50.0,1.1899400078618785e-06,282.57708740234375,145.92515563964844,0.0,0.0,1700.0,61.05849838256836,0.0,0.0,0.0,61.05849838256836,0.0,0.0,0.0,17726.767578125,35435.16796875,0.0,0.0,0.0,64.78948974609375,81.13800811767578,0.0,0.0,0.0
980.0,0.0,118.8247299194336,0.0001667813194217,1.1379694115021266e-05,0.0,0.0,0.0,1239.496826171875,0.0,2577.977783203125,13.989788055419922,14.282245635986328,7.924896240234375,44.76136779785156,0.5106412172317505,36187.671875,0.0,0.0,0.0,0.0,56.085350036621094,59.27336502075195,157.10702514648438,321.33026123046875,1.268284797668457,0.9617490768432616,62.345306396484375,64.05413818359375,2.067016124725342,2.0720176696777344,0.0,28.28643226623535,34.45378494262695,59.98491287231445,0.0,438.6375122070313,1668179.875,171859.28125,-4.259642601013184,-1.2133026123046875,0.7818388938903809,2.3218212127685547,-6.149999618530273,0.0011443808907642,0.2283164709806442,1.4085593223571775,0.0439999997615814,1.0733206272125244,1.07276451587677,1.0729498863220217,62.68558120727539,62.89439010620117,0.0,1.6704598237993196e-05,0.0,0.0014763046056032,282.57012939453125,0.0,282.05072021484375,282.259521484375,50.0,50.0,292.4944152832031,292.4944152832031,292.49072265625,283.12054443359375,282.9117126464844,1272.50927734375,287.532958984375,69.59349822998047,345.8061218261719,50.0,-4.7910398279782385e-06,282.79266357421875,145.8768768310547,0.0,0.0,1700.0,61.0477409362793,0.0,0.0,0.0,61.0477409362793,0.0,0.0,0.0,17726.767578125,35435.16796875,0.0,0.0,0.0,64.76109313964844,81.11825561523438,0.0,0.0,0.0
990.0,0.0,119.33150482177734,0.0001676827814662,1.139163850893965e-05,0.0,0.0,0.0,1239.325927734375,0.0,2578.040283203125,13.97061824798584,14.269999504089355,7.924896240234375,45.37271499633789,0.516741931438446,36592.80859375,0.0,0.0,0.0,0.0,55.8595085144043,59.12918472290039,157.07717895507812,322.7613830566406,1.2677993774414062,0.9616730809211732,62.32345962524414,64.03141021728516,2.0582852363586426,2.063188314437866,0.0,28.23257064819336,34.35789108276367,59.72930145263672,0.0,438.64849853515625,1691506.625,174281.859375,-4.272027492523193,-1.227613925933838,0.7819546461105347,2.323631525039673,-6.149999618530273,0.0011457465589046,0.2324557304382324,1.4356712102890017,0.0439999997615814,1.0733206272125244,1.07276451587677,1.0729498863220217,62.70697784423828,62.91582107543945,0.0,1.6709727788111195e-05,0.0,0.0014985486632212,282.5377197265625,0.0,282.0199890136719,282.2288513183594,50.0,50.0,292.4208679199219,292.4208679199219,292.417236328125,283.08831787109375,282.8794860839844,1267.6136474609375,287.48052978515625,69.56637573242188,345.7952880859375,50.0,4.414122940943344e-06,283.03564453125,145.8259735107422,0.0,0.0,1700.0,61.0649299621582,0.0,0.0,0.0,61.0649299621582,0.0,0.0,0.0,17726.767578125,35435.16796875,0.0,0.0,0.0,64.73128509521484,81.0972900390625,0.0,0.0,0.0
1000.0,0.0,119.81876373291016,0.0001685959723545,1.1403644748497754e-05,0.0,0.0,0.0,1239.1552734375,0.0,2577.98681640625,13.951438903808594,14.257734298706056,7.924896240234375,45.93063735961914,0.5228423476219177,36997.8046875,0.0,0.0,0.0,0.0,55.633548736572266,58.98476791381836,157.0981903076172,324.1910705566406,1.267314314842224,0.961597204208374,62.30058670043945,64.00759887695312,2.0497190952301025,2.054819107055664,0.0,28.17216110229492,34.2489013671875,59.48701477050781,0.0,438.6594848632813,1714831.125,176702.03125,-4.284419059753418,-1.241910696029663,0.7820704579353333,2.32542085647583,-6.149999618530273,0.0011471335310488,0.2366225272417068,1.4629236459732056,0.0439999997615814,1.0733206272125244,1.07276451587677,1.0729498863220217,62.74909210205078,62.957969665527344,0.0,1.671508653089404e-05,0.0,0.0015207749092951,282.5056457519531,0.0,281.9884948730469,282.19732666015625,50.0,50.0,292.34735107421875,292.34735107421875,292.3435974121094,283.055419921875,282.8465576171875,1262.7178955078125,287.4270935058594,69.53924560546875,345.8045349121094,50.0,3.585233798730769e-06,283.2574157714844,145.7726287841797,0.0,0.0,1700.0,61.050270080566406,0.0,0.0,0.0,61.050270080566406,0.0,0.0,0.0,17726.767578125,35435.16796875,0.0,0.0,0.0,64.70032501220703,81.07501983642578,0.0,0.0,0.0
1010.0,0.0,120.32022094726562,0.0001695207320153,1.141571283369558e-05,0.0,0.0,0.0,1238.9776611328125,0.0,2577.94384765625,13.932249069213867,14.245460510253906,7.924896240234375,46.47465896606445,0.5289424657821655,37402.6484375,0.0,0.0,0.0,0.0,55.407447814941406,58.84024810791016,157.11590576171875,325.6192626953125,1.2668287754058838,0.9615210294723512,62.27670669555664,63.98273849487305,2.0413124561309814,2.046272993087769,0.0,28.12125587463379,34.159767150878906,59.23960494995117,0.0,438.67047119140625,1738152.625,179119.875,-4.296734809875488,-1.256192684173584,0.78218674659729,2.3272705078125,-6.149999618530273,0.0011485419236123,0.2408168166875839,1.4903147220611572,0.0439999997615814,1.0733206272125244,1.07276451587677,1.0729498863220217,62.79029083251953,62.999168395996094,0.0,1.672067810432054e-05,0.0,0.0015429839259013,282.4724426269531,0.0,281.95611572265625,282.16497802734375,50.0,50.0,292.27349853515625,292.27349853515625,292.26983642578125,283.0216064453125,282.812744140625,1257.822265625,287.3736877441406,69.51211547851562,345.8119201660156,50.0,4.654873009712901e-06,283.4736633300781,145.7168731689453,0.0,0.0,1700.0,61.03849792480469,0.0,0.0,0.0,61.03849792480469,0.0,0.0,0.0,17726.767578125,35435.16796875,0.0,0.0,0.0,64.66807556152344,81.05164337158203,0.0,0.0,0.0
1020.0,0.0,120.83493041992188,0.0001704570313449,1.142784094554372e-05,0.0,0.0,0.0,1238.7967529296875,0.0,2577.89306640625,13.91305923461914,14.233172416687012,7.924896240234375,47.0225715637207,0.5350421667098999,37807.3359375,0.0,0.0,0.0,0.0,55.18134307861328,58.695556640625,157.08428955078125,327.04595947265625,1.266343593597412,0.9614450335502625,62.25190353393555,63.956886291503906,2.03305983543396,2.0379674434661865,0.0,28.0705623626709,34.0722770690918,58.9991569519043,0.0,438.6814575195313,1761471.375,181535.328125,-4.309006214141846,-1.270459532737732,0.782302737236023,2.329150438308716,-6.149999618530273,0.0011499718530103,0.2450384497642517,1.5178440809249878,0.0439999997615814,1.0733206272125244,1.0731258392333984,1.0731908082962036,62.83342361450195,63.04240036010742,0.0,1.6726493413443677e-05,0.0,0.0015651762951165,282.43865966796875,0.0,281.9230651855469,282.13201904296875,50.0,50.0,292.19989013671875,292.19989013671875,292.1962585449219,282.9872741699219,282.7782897949219,1252.9266357421875,287.3199462890625,69.48499298095703,345.8207092285156,50.0,5.009819233237067e-06,283.69146728515625,145.65890502929688,0.0,0.0,1700.0,61.0245475769043,0.0,0.0,0.0,61.0245475769043,0.0,0.0,0.0,17726.767578125,35447.10546875,0.0,0.0,64.77960205078125,64.63520812988281,81.02664947509766,0.0,0.0,0.0
1030.0,0.0,121.30485534667967,0.0001714047975838,1.1440029993536882e-05,0.0,0.0,0.0,1238.609375,0.0,2578.00927734375,13.893860816955566,14.220868110656738,7.924896240234375,47.62854766845703,0.5411410927772522,38211.85546875,0.0,0.0,0.0,0.0,54.95512771606445,58.5506706237793,157.0916290283203,328.47113037109375,1.2658582925796509,0.9613691568374634,62.22618865966797,63.93010330200195,2.024956226348877,2.0300798416137695,0.0,28.014163970947266,33.97300338745117,58.77081298828125,0.0,438.69244384765625,1784787.75,183948.515625,-4.321163177490234,-1.2847113609313965,0.7824184894561768,2.331129550933838,-6.149999618530273,0.0011514226207509,0.249287411570549,1.545510172843933,0.0439999997615814,1.0733206272125244,1.0731258392333984,1.0731908082962036,62.84857940673828,63.05759048461914,0.0,1.673255246714689e-05,0.0,0.0015873512020334,282.403076171875,0.0,281.88909912109375,282.0981140136719,50.0,50.0,292.1263732910156,292.1263732910156,292.12255859375,282.9520263671875,282.7430419921875,1248.0308837890625,287.2653503417969,69.4578628540039,345.8006286621094,50.0,1.6154995137185324e-06,283.9323425292969,145.59877014160156,0.0,0.0,1700.0,61.05646896362305,0.0,0.0,0.0,61.05646896362305,0.0,0.0,0.0,17726.767578125,35447.10546875,0.0,0.0,0.0,64.60057067871094,81.0012435913086,0.0,0.0,0.0
1040.0,0.0,121.79109191894533,0.0001723639434203,1.145227906818036e-05,0.0,0.0,0.0,1238.4193115234375,0.0,2577.954345703125,13.874656677246094,14.208548545837402,7.924896240234375,48.17903518676758,0.5472397804260254,38616.20703125,0.0,0.0,0.0,0.0,54.72882080078125,58.40558242797851,157.11073303222656,329.8948059082031,1.265373468399048,0.9612935781478882,62.19961166381836,63.90238571166992,2.0169970989227295,2.02199387550354,0.0,27.96833038330078,33.8961181640625,58.53672409057617,0.0,438.7034301757813,1808101.375,186359.265625,-4.3333234786987305,-1.298948049545288,0.7825345396995544,2.333089590072632,-6.149999618530273,0.0011528951581567,0.2535635828971863,1.5733120441436768,0.0439999997615814,1.0733206272125244,1.0731258392333984,1.0731908082962036,62.89377975463867,63.10279083251953,0.0,1.6738846170483157e-05,0.0,0.0016095085302367,282.3677673339844,0.0,281.8545227050781,282.06353759765625,50.0,50.0,292.052734375,292.052734375,292.04901123046875,282.91632080078125,282.70733642578125,1243.13525390625,287.2110290527344,69.43074035644531,345.81011962890625,50.0,2.111313506247825e-06,284.1511535644531,145.53652954101562,0.0,0.0,1700.0,61.041351318359375,0.0,0.0,0.0,61.041351318359375,0.0,0.0,0.0,17726.767578125,35447.10546875,0.0,0.0,0.0,64.5655746459961,80.97412872314453,0.0,0.0,0.0
1050.0,0.0,122.26467895507812,0.0001733344106469,1.1464588169474156e-05,0.0,0.0,0.0,1238.224853515625,0.0,2577.91015625,13.855453491210938,14.196223258972168,7.924896240234375,48.72566986083984,0.5533380508422852,39020.38671875,0.0,0.0,0.0,0.0,54.50252914428711,58.260440826416016,157.075927734375,331.3169860839844,1.264888048171997,0.9612175226211548,62.17216491699219,63.873779296875,2.009177923202514,2.014127492904663,0.0,27.9201717376709,33.8145866394043,58.308990478515625,0.0,438.71441650390625,1831412.25,188767.671875,-4.345422744750977,-1.3131699562072754,0.782650887966156,2.3350961208343506,-6.149999618530273,0.0011543887667357,0.2578669190406799,1.6012474298477173,0.0439999997615814,1.0733206272125244,1.0731258392333984,1.0731908082962036,62.93792724609375,63.14697265625,0.0,1.6745349057600833e-05,0.0,0.0016316474648192,282.3315734863281,0.0,281.8190612792969,282.0281066894531,50.0,50.0,291.97882080078125,291.97882080078125,291.97515869140625,282.8797912597656,282.6707458496094,1238.2396240234375,287.156005859375,69.40361022949219,345.8177185058594,50.0,-1.391193336530705e-06,284.36846923828125,145.47222900390625,0.0,0.0,1700.0,61.029293060302734,0.0,0.0,0.0,61.029293060302734,0.0,0.0,0.0,17726.767578125,35447.10546875,0.0,0.0,64.54629516601562,64.52899169921875,80.94649505615234,0.0,0.0,0.0
1060.0,0.0,122.76233673095705,0.000174316111952,1.147695365943946e-05,0.0,0.0,0.0,1238.02294921875,0.0,2578.014892578125,13.836247444152832,14.183886528015137,7.924896240234375,49.295677185058594,0.5594371557235718,39424.37890625,0.0,0.0,0.0,0.0,54.276180267333984,58.11515426635742,157.08782958984375,332.73773193359375,1.2644250392913818,0.9611415266990662,62.143898010253906,63.844329833984375,2.0014941692352295,2.0064098834991455,0.0,27.87306785583496,33.736385345458984,58.085567474365234,0.0,438.7254028320313,1854720.75,191173.78125,-4.35740852355957,-1.3273773193359375,0.7827671766281128,2.3372015953063965,-6.149999618530273,0.001155903795734,0.2621972560882568,1.6293154954910278,0.0439999997615814,1.0733206272125244,1.073487401008606,1.0734318494796753,62.95729064941406,63.16643905639648,0.0,1.6752594092395157e-05,0.0,0.0016537680057808,282.2935791015625,0.0,281.78277587890625,281.9919128417969,50.0,50.0,291.905029296875,291.905029296875,291.9013977050781,282.8424072265625,282.6332702636719,1233.3438720703125,287.1006774902344,69.3764877319336,345.7997131347656,50.0,-5.176430022402201e-06,284.59503173828125,145.40594482421875,0.0,0.0,1700.0,61.05794906616211,0.0,0.0,0.0,61.05794906616211,0.0,0.0,0.0,17726.767578125,35459.046875,0.0,0.0,0.0,64.49105072021484,80.91825103759766,0.0,0.0,0.0
1070.0,0.0,123.31427764892578,0.0001753089454723,1.1489377357065678e-05,0.0,0.0,0.0,1237.8289794921875,0.0,2577.983154296875,13.817039489746094,14.171534538269045,7.924896240234375,49.72210693359375,0.5655403733253479,39828.1875,0.0,0.0,0.0,0.0,54.04979705810547,57.96968460083008,157.1004180908203,334.1570129394531,1.2640279531478882,0.9610657691955566,62.11484146118164,63.81401062011719,1.9939419031143188,1.999067425727844,0.0,27.821727752685547,33.64555740356445,57.87300109863281,0.0,438.73638916015625,1878026.25,193577.5,-4.36941385269165,-1.3415701389312744,0.7828835844993591,2.3392724990844727,-6.149999618530273,0.0011574401287361,0.2665545642375946,1.65751314163208,0.0439999997615814,1.0760310888290403,1.073487401008606,1.0743353366851809,63.00120162963867,63.20997619628906,0.0,1.6762427549110726e-05,0.0,0.0016758685233071,282.2561340332031,0.0,281.74615478515625,281.95489501953125,50.0,50.0,291.8310852050781,291.8310852050781,291.8273010253906,282.803955078125,282.5951843261719,1228.4482421875,287.0443420410156,69.34935760498047,345.80517578125,50.0,2.801443315547658e-06,284.7645263671875,145.33758544921875,0.0,0.0,1700.0,61.04923629760742,0.0,0.0,0.0,61.04923629760742,0.0,0.0,0.0,17771.53515625,35459.046875,0.0,0.0,0.0,64.45274353027344,80.88829040527344,0.0,0.0,0.0
1080.0,0.0,123.7820053100586,0.0001763128821039,1.1501860171847513e-05,0.0,0.0,0.0,1237.6231689453125,0.0,2577.948486328125,13.79783058166504,14.159173965454102,7.924896240234375,50.13933944702149,0.5716435313224792,40231.80078125,0.0,0.0,0.0,0.0,53.82341766357422,57.8240966796875,157.11346435546875,335.5748291015625,1.263630986213684,0.9609899520874025,62.08502197265625,63.78287124633789,1.986517071723938,1.9915266036987305,0.0,27.776731491088867,33.57247543334961,57.654693603515625,0.0,438.7473754882813,1901329.0,195978.875,-4.381349086761475,-1.3557482957839966,0.783000648021698,2.3413984775543213,-6.149999618530273,0.0011589977657422,0.2709387540817261,1.685841679573059,0.0439999997615814,1.0760310888290403,1.073487401008606,1.0743353366851809,63.04670715332031,63.25473403930664,0.0,1.6772493836469948e-05,0.0,0.0016979506472125,282.2176513671875,0.0,281.7091064453125,281.9170837402344,50.0,50.0,291.7568054199219,291.7568054199219,291.75311279296875,282.764404296875,282.5563659667969,1223.5526123046875,286.98809814453125,69.32223510742188,345.81109619140625,50.0,-1.8130542684957616e-06,284.9303894042969,145.2674102783203,0.0,0.0,1700.0,61.03980255126953,0.0,0.0,0.0,61.03980255126953,0.0,0.0,0.0,17771.53515625,35459.046875,0.0,0.0,0.0,64.41426849365234,80.85670471191406,0.0,0.0,0.0
1090.0,0.0,124.26278686523438,0.0001773278345353,1.1514397556311453e-05,0.0,0.0,0.0,1237.4246826171875,0.0,2577.91552734375,13.778624534606934,14.146809577941896,7.924896240234375,50.55977249145508,0.5777465105056763,40635.21875,0.0,0.0,0.0,0.0,53.5970458984375,57.678466796875,157.0736846923828,336.9911193847656,1.263233661651611,0.9609139561653136,62.05441665649414,63.75092697143555,1.9792159795761108,1.9842125177383425,0.0,27.72983741760254,33.49638366699219,57.44295120239258,0.0,438.75836181640625,1924629.375,198377.953125,-4.393226623535156,-1.3699111938476562,0.7831175923347473,2.34356689453125,-6.149999618530273,0.0011605770559981,0.2753496170043945,1.714297652244568,0.0439999997615814,1.0760310888290403,1.0738489627838137,1.0745763778686523,63.092041015625,63.3000373840332,0.0,1.678278567851521e-05,0.0,0.0017200125148519,282.1783447265625,0.0,281.6706848144531,281.87860107421875,50.0,50.0,291.6824951171875,291.6824951171875,291.6788024902344,282.72479248046875,282.51678466796875,1218.6568603515625,286.9313049316406,69.29510498046875,345.81683349609375,50.0,4.074387106811628e-06,285.0975036621094,145.19534301757812,0.0,0.0,1700.0,61.03066635131836,0.0,0.0,0.0,61.03066635131836,0.0,0.0,0.0,17771.53515625,35470.98828125,0.0,0.0,64.47886657714844,64.3742904663086,80.82470703125,0.0,0.0,0.0
1100.0,0.0,124.71623229980467,0.000178353730007,1.1526992238941602e-05,0.0,0.0,0.0,1237.219482421875,0.0,2578.0361328125,13.759417533874512,14.134431838989258,7.924896240234375,50.967552185058594,0.583848237991333,41038.43359375,0.0,0.0,0.0,0.0,53.37065124511719,57.53268051147461,157.0802459716797,338.4059753417969,1.262836217880249,0.9608376026153564,62.02305221557617,63.71819305419922,1.9720351696014404,1.977004647254944,0.0,27.68378639221191,33.42203140258789,57.234283447265625,0.0,438.7693481445313,1947927.0,200774.703125,-4.404993534088135,-1.3840597867965698,0.7832348942756653,2.3458311557769775,-6.149999618530273,0.0011621774174273,0.2797872722148895,1.7428802251815796,0.0439999997615814,1.0760310888290403,1.0738489627838137,1.0745763778686523,63.111572265625,63.3195686340332,0.0,1.679330671322532e-05,0.0,0.0017420542426407,282.13726806640625,0.0,281.63134765625,281.83929443359375,50.0,50.0,291.6080322265625,291.6080322265625,291.6043701171875,282.6844482421875,282.4764404296875,1213.76123046875,286.8741149902344,69.26797485351562,345.7960205078125,50.0,7.051127681734215e-07,285.2596130371094,145.12147521972656,0.0,0.0,1700.0,61.06379699707031,0.0,0.0,0.0,61.06379699707031,0.0,0.0,0.0,17771.53515625,35470.98828125,0.0,0.0,0.0,64.33331298828125,80.7918930053711,0.0,0.0,0.0
1110.0,0.0,125.15066528320312,0.0001793904375517,1.1539643310243264e-05,0.0,0.0,0.0,1237.0159912109375,0.0,2578.011962890625,13.740211486816406,14.122044563293455,7.924896240234375,51.36210250854492,0.5899491906166077,41441.4375,0.0,0.0,0.0,0.0,53.144256591796875,57.38676834106445,157.08921813964844,339.81927490234375,1.2624391317367554,0.9607618451118468,61.99091339111328,63.684669494628906,1.964970588684082,1.9701507091522217,0.0,27.631608963012695,33.33584976196289,57.03586196899414,0.0,438.78033447265625,1971222.0,203169.09375,-4.416787147521973,-1.3981927633285522,0.783352255821228,2.348053216934204,-6.149999618530273,0.0011637988500297,0.2842515110969543,1.7715874910354614,0.0439999997615814,1.0760310888290403,1.0738489627838137,1.0745763778686523,63.156707763671875,63.36470031738281,0.0,1.6804076949483715e-05,0.0,0.0017640751320868,282.09686279296875,0.0,281.59124755859375,281.79925537109375,50.0,50.0,291.53350830078125,291.53350830078125,291.5296936035156,282.6434631347656,282.43548583984375,1208.8656005859375,286.8160095214844,69.24085235595703,345.8001708984375,50.0,-4.4082275962864514e-06,285.41644287109375,145.0457763671875,0.0,0.0,1700.0,61.05717086791992,0.0,0.0,0.0,61.05717086791992,0.0,0.0,0.0,17771.53515625,35470.98828125,0.0,0.0,0.0,64.29074096679688,80.75885772705078,0.0,0.0,0.0
1120.0,0.0,125.62793731689452,0.0001804379135137,1.1552344403753524e-05,0.0,0.0,0.0,1236.8067626953125,0.0,2577.996826171875,13.721006393432615,14.109655380249023,7.924896240234375,51.7479248046875,0.596049964427948,41844.23046875,0.0,0.0,0.0,0.0,52.9178581237793,57.240840911865234,157.09608459472656,341.231201171875,1.2620421648025513,0.9606860280036926,61.95804977416992,63.65039825439453,1.9580196142196655,1.9630985260009768,0.0,27.588937759399418,33.26905059814453,56.83170318603515,0.0,438.7913208007813,1994514.375,205561.15625,-4.428519248962402,-1.4123120307922363,0.7834700345993042,2.3503224849700928,-6.149999618530273,0.0011654421687126,0.2887422442436218,1.800418257713318,0.0439999997615814,1.0760310888290403,1.0742106437683103,1.0748175382614136,63.200889587402344,63.40895080566406,0.0,1.681507819739636e-05,0.0,0.0017860743682831,282.0555725097656,0.0,281.55059814453125,281.7586669921875,50.0,50.0,291.4587707519531,291.4587707519531,291.45501708984375,282.6019287109375,282.39385986328125,1203.9698486328125,286.7581481933594,69.2137222290039,345.8028259277344,50.0,-3.9080750866560265e-06,285.56982421875,144.9683074951172,0.0,0.0,1700.0,61.05298614501953,0.0,0.0,0.0,61.05298614501953,0.0,0.0,0.0,17771.53515625,35482.9375,0.0,0.0,0.0,64.24702453613281,80.72520446777344,0.0,0.0,0.0
1130.0,0.0,126.07000732421876,0.0001814960996853,1.156510097644059e-05,0.0,0.0,0.0,1236.5946044921875,0.0,2577.9521484375,13.701804161071776,14.097254753112791,7.924896240234375,52.140193939208984,0.6021504998207092,42246.8046875,0.0,0.0,0.0,0.0,52.69148254394531,57.09477233886719,157.11212158203125,342.6415710449219,1.2616448402404783,0.960610032081604,61.92448806762695,63.61539840698242,1.9511786699295044,1.9562305212020872,0.0,27.54584503173828,33.20103454589844,56.63287353515625,0.0,438.80230712890625,2017803.875,207950.953125,-4.440213680267334,-1.4264156818389893,0.7835875749588013,2.352614402770996,-6.149999618530273,0.0011671065585687,0.2932594418525696,1.8293715715408323,0.0439999997615814,1.0760310888290403,1.0742106437683103,1.0748175382614136,63.25066757202149,63.4587287902832,0.0,1.6826301362016238e-05,0.0,0.0018080529989674,282.0137939453125,0.0,281.50933837890625,281.7174377441406,50.0,50.0,291.3841247558594,291.3841247558594,291.38037109375,282.559814453125,282.35174560546875,1199.07421875,286.69989013671875,69.18659973144531,345.81048583984375,50.0,3.592289886000799e-06,285.7257080078125,144.88917541503906,0.0,0.0,1700.0,61.04079055786133,0.0,0.0,0.0,61.04079055786133,0.0,0.0,0.0,17771.53515625,35482.9375,0.0,0.0,0.0,64.20244598388672,80.69074249267578,0.0,0.0,0.0
1140.0,0.0,126.50300598144533,0.0001825649233069,1.1577914847293869e-05,0.0,0.0,0.0,1236.377685546875,0.0,2577.93603515625,13.68260669708252,14.084845542907717,7.924896240234375,52.524627685546875,0.6082510352134705,42649.15625,0.0,0.0,0.0,0.0,52.46515274047851,56.948604583740234,157.06610107421875,344.050537109375,1.2612472772598269,0.9605336785316468,61.89023208618164,63.57967376708984,1.944445013999939,1.9494898319244385,0.0,27.50042724609375,33.129638671875,56.43772888183594,0.0,438.8132934570313,2041090.875,210338.359375,-4.45183801651001,-1.4405053853988647,0.7837058901786804,2.3549609184265137,-6.149999618530273,0.0011687924852594,0.297802984714508,1.858445644378662,0.0439999997615814,1.0760310888290403,1.0742106437683103,1.0748175382614136,63.2963752746582,63.50443649291992,0.0,1.683774644334335e-05,0.0,0.0018300095107406,281.9709777832031,0.0,281.46722412109375,281.6753234863281,50.0,50.0,291.30902099609375,291.30902099609375,291.3052673339844,282.51690673828125,282.308837890625,1194.1785888671875,286.6409606933594,69.15946960449219,345.8132629394531,50.0,4.511177394306287e-06,285.8785400390625,144.80838012695312,0.0,0.0,1700.0,61.03633117675781,0.0,0.0,0.0,61.03633117675781,0.0,0.0,0.0,17771.53515625,35482.9375,0.0,0.0,64.20037841796875,64.15692138671875,80.65554809570312,0.0,0.0,0.0
1150.0,0.0,126.9641571044922,0.0001836442243074,1.159077601187164e-05,0.0,0.0,0.0,1236.1549072265625,0.0,2578.0595703125,13.663419723510742,14.072437286376951,7.924896240234375,52.93223190307617,0.6143508553504944,43051.28125,0.0,0.0,0.0,0.0,52.238914489746094,56.80244445800781,157.07003784179688,345.4580078125,1.2608500719070437,0.960457682609558,61.855125427246094,63.54323959350586,1.9378149509429932,1.9428342580795288,0.0,27.458812713623047,33.06410217285156,56.24505233764648,0.0,438.82427978515625,2064375.5,212723.5,-4.463368892669678,-1.4545800685882568,0.7838239669799805,2.357387065887451,-6.149999618530273,0.001170499366708,0.3023728728294372,1.8876359462738037,0.0439999997615814,1.0760310888290403,1.0745724439620972,1.0750586986541748,63.31855010986328,63.52671432495117,0.0,1.6849429812282324e-05,0.0,0.0018519411096349,281.9266052246094,0.0,281.42449951171875,281.63262939453125,50.0,50.0,291.2340393066406,291.2340393066406,291.2303466796875,282.4734191894531,282.2652587890625,1189.2828369140625,286.5819091796875,69.1323471069336,345.7919616699219,50.0,-4.309387804823928e-06,286.04058837890625,144.72564697265625,0.0,0.0,1700.0,61.07024383544922,0.0,0.1445447206497192,0.0,61.07024383544922,0.0,0.0,0.0,17771.53515625,35494.88671875,0.0,0.0,0.0,64.10690307617188,80.62297058105469,0.0,0.0,0.0
1160.0,0.0,127.39330291748048,0.0001847332459874,1.1603676284721589e-05,0.0,0.0,0.0,1235.9310302734375,0.0,2578.037841796875,13.6443510055542,14.060016632080078,7.924896240234375,53.31656265258789,0.6204493641853333,43453.171875,0.0,0.0,0.0,0.0,52.01380920410156,56.65625762939453,157.07981872558594,346.864013671875,1.2604527473449707,0.9603816270828248,61.81837463378906,63.50604248046875,1.9312865734100344,1.936298966407776,0.0,27.421846389770508,32.99650573730469,56.05585479736328,0.0,438.8352661132813,2087657.25,215106.3125,-4.474909782409668,-1.4686400890350342,0.7839425206184387,2.3597874641418457,-6.149999618530273,0.0011722279014065,0.3069688975811004,1.9169148206710815,0.0439999997615814,1.0760310888290403,1.0745724439620972,1.0750586986541748,63.36642837524414,63.5746955871582,0.0,1.6861340554896742e-05,0.0,0.0018738216022029,281.8826599121094,0.0,281.38104248046875,281.5892639160156,50.0,50.0,291.1587219238281,291.1587219238281,291.155029296875,282.4293212890625,282.2210388183594,1184.38720703125,286.5222473144531,69.10521697998047,345.7957458496094,50.0,2.0300965388742043e-06,286.1933288574219,144.63902282714844,0.0,0.0,1700.0,61.06425857543945,0.0,0.9605506062507628,0.0,61.06425857543945,0.0,0.0,0.0,17771.53515625,35494.88671875,0.0,0.0,0.0,64.0320816040039,80.61135864257812,0.0,0.0,0.0
1170.0,0.0,127.81832122802734,0.0001858319010352,1.1616616575338412e-05,0.0,0.0,0.0,1235.702880859375,0.0,2578.0126953125,13.625608444213867,14.047582626342772,7.924896240234375,53.70222854614258,0.6265479326248169,43854.81640625,0.0,0.0,0.0,0.0,51.79228210449219,56.510009765625,157.089599609375,348.2684631347656,1.2600558996200562,0.9603059887886048,61.779930114746094,63.46799087524414,1.9248565435409544,1.9298698902130127,0.0,27.39227294921875,32.932716369628906,55.86973190307617,0.0,438.84625244140625,2110936.25,217486.78125,-4.4864020347595215,-1.48268461227417,0.7840613722801208,2.3622210025787354,-6.149999618530273,0.0011739775072783,0.31159108877182,1.946277379989624,0.0439999997615814,1.0760310888290403,1.0745724439620972,1.0750586986541748,63.41532516479492,63.62372589111328,0.0,1.687348776613362e-05,0.0,0.0018956467974931,281.8380432128906,0.0,281.3368225097656,281.5452880859375,50.0,50.0,291.08331298828125,291.08331298828125,291.0796203613281,282.384765625,282.1763610839844,1179.4915771484375,286.4622497558594,69.07809448242188,345.8000793457031,50.0,-6.001849328640675e-08,286.3466491699219,144.54835510253906,0.0,0.0,1700.0,61.05735778808594,0.0,2.409107446670532,0.0,61.05735778808594,0.0,0.0,0.0,17771.53515625,35494.88671875,0.0,0.0,0.0,63.93324661254883,80.61973571777344,0.0,0.0,0.0
1180.0,0.0,128.2498016357422,0.0001869397819973,1.1629586879280396e-05,0.0,0.0,0.0,1235.4720458984375,0.0,2578.013671875,13.6073637008667,14.03513240814209,7.924896240234375,54.08906936645508,0.6326460242271423,44256.20703125,0.0,0.0,0.0,0.0,51.57633590698242,56.36368942260742,157.08982849121094,349.67144775390625,1.2596584558486938,0.9602298140525818,61.73958587646485,63.42900848388672,1.9185224771499632,1.9237947463989256,0.0,27.36248779296875,32.85661315917969,55.6938591003418,0.0,438.8572387695313,2134213.0,219865.015625,-4.497848987579346,-1.496714472770691,0.7841805219650269,2.3646843433380127,-6.149999618530273,0.0011757483007386,0.3162393867969513,1.9757133722305296,0.0439999997615814,1.0760310888290403,1.0749342441558838,1.0752999782562256,63.46028900146485,63.669097900390625,0.0,1.6885847799130715e-05,0.0,0.0019174091285094,281.7928161621094,0.0,281.29168701171875,281.50048828125,50.0,50.0,291.0076599121094,291.0076599121094,291.0037536621094,282.339599609375,282.1307678222656,1174.5958251953125,286.401123046875,69.05096435546875,345.79986572265625,50.0,-3.307144424979924e-06,286.50042724609375,144.45321655273438,0.0,0.0,1700.0,61.057640075683594,0.0,4.395877361297607,0.0,61.057640075683594,0.0,0.0,0.0,17771.53515625,35506.83984375,0.0,0.0,0.0,63.80695343017578,80.65111541748047,0.0,0.0,0.0
1190.0,0.0,128.66709899902344,0.0001880566996987,1.1642584468063433e-05,0.0,0.0,0.0,1235.2335205078125,0.0,2577.987060546875,13.589763641357422,14.02265453338623,7.924896240234375,54.47352981567383,0.6387438178062439,44657.31640625,0.0,0.0,0.0,0.0,51.3676643371582,56.217185974121094,157.09864807128906,351.0729675292969,1.2592612504959106,0.9601537585258484,61.69720458984375,63.38900375366211,1.91228187084198,1.9175639152526855,0.0,27.34833335876465,32.79831314086914,55.51347351074219,0.0,438.86822509765625,2157487.0,222240.90625,-4.509230136871338,-1.5107296705245972,0.7843002676963806,2.367198944091797,-6.149999618530273,0.0011775403982028,0.3209136724472046,2.005214214324951,0.0439999997615814,1.0760310888290403,1.0749342441558838,1.0752999782562256,63.51067733764648,63.71992492675781,0.0,1.689842792984564e-05,0.0,0.0019391016103327,281.7465515136719,0.0,281.24566650390625,281.4549255371094,50.0,50.0,290.9316101074219,290.9316101074219,290.9277038574219,282.29376220703125,282.08453369140625,1169.7001953125,286.3399963378906,69.02383422851562,345.804443359375,50.0,1.6171751440197113e-06,286.6532287597656,144.35317993164062,0.0,0.0,1700.0,61.05036544799805,0.0,6.833931922912598,0.0,61.05036544799805,0.0,0.0,0.0,17771.53515625,35506.83984375,0.0,0.0,0.0,63.65141296386719,80.70686340332031,0.0,0.0,0.0
1200.0,0.0,129.08441162109375,0.0001891823922051,1.165561297966633e-05,0.0,0.0,0.0,1234.9891357421875,0.0,2577.997802734375,13.5729398727417,14.010151863098145,7.924896240234375,54.84587097167969,0.6448400020599365,45058.1484375,0.0,0.0,0.0,0.0,51.1678352355957,56.070499420166016,157.09548950195312,352.4730529785156,1.258863925933838,0.960077702999115,61.65275955200195,63.34790802001953,1.9061321020126345,1.9113614559173584,0.0,27.342418670654297,32.743812561035156,55.33391571044922,0.0,438.8792114257813,2180758.25,224614.515625,-4.520538806915283,-1.5247304439544678,0.7844211459159851,2.3697702884674072,-6.149999618530273,0.0011793534504249,0.3256138265132904,2.034775495529175,0.0439999997615814,1.0760310888290403,1.0749342441558838,1.0752999782562256,63.55540084838867,63.765228271484375,0.0,1.6911235434236005e-05,0.0,0.0019607208669185,281.6991882324219,0.0,281.1984558105469,281.4082946777344,50.0,50.0,290.85491943359375,290.85491943359375,290.8510437011719,282.2471923828125,282.037353515625,1164.8045654296875,286.27813720703125,68.99671173095703,345.8025817871094,50.0,4.347999947640346e-06,286.80120849609375,144.24819946289062,0.0,0.0,1700.0,61.05335235595703,0.0,9.636533737182615,0.0,61.05335235595703,0.0,0.0,0.0,17771.53515625,35506.83984375,0.0,0.0,0.0,63.46763610839844,80.78594970703125,0.0,0.0,0.0
1210.0,0.0,129.5182342529297,0.0001903167431009,1.1668662409647368e-05,0.0,0.0,0.0,1234.7401123046875,0.0,2577.9599609375,13.556989669799805,13.997615814208984,7.924896240234375,55.234127044677734,0.6509360671043396,45458.67578125,0.0,0.0,0.0,0.0,50.97801208496094,55.92352294921875,157.1084747314453,353.8715515136719,1.2584670782089231,0.960002064704895,61.60628890991211,63.30564498901367,1.900071144104004,1.9053854942321775,0.0,27.342208862304688,32.68967819213867,55.160911560058594,0.0,438.89019775390625,2204027.0,226985.828125,-4.531806468963623,-1.5387154817581177,0.7845420837402344,2.3723669052124023,-6.149999618530273,0.0011811878066509,0.3303398787975311,2.0643932819366455,0.0439999997615814,1.0760310888290403,1.075296401977539,1.075541377067566,63.60914611816406,63.81968307495117,0.0,1.6924272131291218e-05,0.0,0.0019822653848677,281.6512756347656,0.0,281.150390625,281.36083984375,50.0,50.0,290.778076171875,290.778076171875,290.7741394042969,282.1999816894531,281.98944091796875,1159.9088134765625,286.21563720703125,68.9695816040039,345.80914306640625,50.0,4.687571617978392e-06,286.95556640625,144.13841247558594,0.0,0.0,1700.0,61.04291534423828,0.0,12.727654457092283,0.0,61.04291534423828,0.0,0.0,0.0,17771.53515625,35518.80078125,0.0,0.0,0.0,63.258323669433594,80.88567352294922,0.0,0.0,0.0
1220.0,0.0,129.92828369140625,0.000191459650523,1.1681737305480056e-05,0.0,0.0,0.0,1234.4840087890625,0.0,2577.97802734375,13.541996002197266,13.985041618347168,7.924896240234375,55.60063552856445,0.6570320129394531,45858.89453125,0.0,0.0,0.0,0.0,50.799217224121094,55.77620315551758,157.10317993164062,355.2687072753906,1.258069634437561,0.959925889968872,61.55785369873047,63.26213836669922,1.8940964937210083,1.899367094039917,0.0,27.34981346130371,32.641517639160156,54.98667907714844,0.0,438.9011840820313,2227293.0,229354.828125,-4.542984485626221,-1.552687168121338,0.7846646904945374,2.375037670135498,-6.149999618530273,0.0011830431176349,0.3350918292999267,2.094066858291626,0.0439999997615814,1.0760310888290403,1.075296401977539,1.075541377067566,63.65438079833984,63.86573028564453,0.0,1.6937505279202014e-05,0.0,0.002003735397011,281.6018981933594,0.0,281.1009216308594,281.312255859375,50.0,50.0,290.70025634765625,290.70025634765625,290.69635009765625,282.1517028808594,281.9403381347656,1155.01318359375,286.1522216796875,68.94245910644531,345.80609130859375,50.0,-1.372418864775682e-06,287.10125732421875,144.02389526367188,0.0,0.0,1700.0,61.04780960083008,0.0,16.0351505279541,0.0,61.04780960083008,0.0,0.0,0.0,17771.53515625,35518.80078125,0.0,0.0,0.0,63.02718734741211,81.00254821777344,0.0,0.0,0.0
1230.0,0.0,130.32974243164062,0.0001926110999193,1.1694839486153796e-05,0.0,0.0,0.0,1234.222412109375,0.0,2577.970703125,13.528021812438965,13.97242832183838,7.924896240234375,55.97489547729492,0.6631271839141846,46258.7890625,0.0,0.0,0.0,0.0,50.632232666015625,55.62848663330078,157.10556030273438,356.6643371582031,1.2576723098754885,0.9598498940467834,61.50760269165039,63.21736145019531,1.8882060050964355,1.8935186862945557,0.0,27.362064361572266,32.59546661376953,54.81736755371094,0.0,438.91217041015625,2250556.25,231721.578125,-4.554105281829834,-1.5666433572769165,0.7847877740859985,2.3777499198913574,-6.149999618530273,0.0011849193833768,0.3398695886135101,2.1237974166870117,0.0439999997615814,1.0760310888290403,1.075296401977539,1.075541377067566,63.70459747314453,63.91683197021485,0.0,1.6950962162809446e-05,0.0,0.0020251334644854,281.55169677734375,0.0,281.05047607421875,281.2627258300781,50.0,50.0,290.6221008300781,290.6221008300781,290.6181640625,282.10272216796875,281.8905029296875,1150.1175537109375,286.08807373046875,68.91532897949219,345.8073425292969,50.0,-3.00437295663869e-06,287.2500305175781,143.90504455566406,0.0,0.0,1700.0,61.04581069946289,0.0,19.491226196289062,0.0,61.04581069946289,0.0,0.0,0.0,17771.53515625,35518.80078125,0.0,0.0,0.0,62.77859878540039,81.13249206542969,0.0,0.0,0.0
1240.0,0.0,130.7555389404297,0.0001937709894264,1.170796440419508e-05,0.0,0.0,0.0,1233.9542236328125,0.0,2577.970947265625,13.515107154846191,13.9597749710083,7.924896240234375,56.34648132324219,0.6692216992378235,46658.34375,0.0,0.0,0.0,0.0,50.47756576538086,55.48035430908203,157.1053009033203,358.0584716796875,1.257275104522705,0.9597737789154052,61.45566177368164,63.17129135131836,1.8823977708816528,1.887762188911438,0.0,27.37790870666504,32.5518913269043,54.65071487426758,0.0,438.9231567382813,2273817.25,234086.015625,-4.565151214599609,-1.5805847644805908,0.7849120497703552,2.380521535873413,-6.149999618530273,0.0011868167202919,0.3446730077266693,2.1535847187042236,0.0439999997615814,1.0760310888290403,1.075658679008484,1.0757828950881958,63.75447845458984,63.96772766113281,0.0,1.6964631868177094e-05,0.0,0.0020464612171053,281.5002746582031,0.0,280.9988708496094,281.21209716796875,50.0,50.0,290.5431823730469,290.5431823730469,290.5392150878906,282.0527648925781,281.8395080566406,1145.2218017578125,286.02294921875,68.8882064819336,345.8072204589844,50.0,1.2156062894064237e-06,287.3977355957031,143.78211975097656,0.0,0.0,1700.0,61.04595947265625,0.0,23.037525177001953,0.0,61.04595947265625,0.0,0.0,0.0,17771.53515625,35530.76953125,0.0,0.0,0.0,62.51643371582031,81.27194213867188,0.0,0.0,0.0
1250.0,0.0,131.14891052246094,0.0001949393190443,1.1721115697582718e-05,0.0,0.0,0.0,1233.6795654296875,0.0,2577.977783203125,13.503276824951172,13.947078704833984,7.924896240234375,56.71519470214844,0.6753162145614624,47057.5625,0.0,0.0,0.0,0.0,50.33554458618164,55.33173751831055,157.10304260253906,359.4510803222656,1.2568782567977903,0.95969820022583,61.40215301513672,63.12391662597656,1.8766697645187376,1.882097840309143,0.0,27.396286010742188,32.509220123291016,54.48673248291016,0.0,438.93414306640625,2297075.75,236448.203125,-4.576119422912598,-1.594510793685913,0.7850375771522522,2.3833534717559814,-6.149999618530273,0.0011887345463037,0.3495021760463714,2.183430433273315,0.0439999997615814,1.0760310888290403,1.075658679008484,1.0757828950881958,63.80445861816406,64.01876068115234,0.0,1.6978528947220184e-05,0.0,0.0020677216816693,281.4476623535156,0.0,280.94598388671875,281.1601867675781,50.0,50.0,290.4635009765625,290.4635009765625,290.4595031738281,282.00164794921875,281.787353515625,1140.326171875,285.95684814453125,68.86107635498047,345.8061218261719,50.0,2.4030005079112016e-06,287.5442810058594,143.65545654296875,0.0,0.0,1700.0,61.0477409362793,0.0,26.619813919067383,0.0,61.0477409362793,0.0,0.0,0.0,17771.53515625,35530.76953125,0.0,0.0,0.0,62.244441986083984,81.41744232177734,0.0,0.0,0.0
1260.0,0.0,131.54920959472656,0.00019612108008,1.1734378858818673e-05,0.0,0.0,0.0,1233.3258056640625,0.0,2577.967529296875,13.492630004882812,13.934350967407228,7.924896240234375,57.088504791259766,0.681410014629364,47456.43359375,0.0,0.0,0.0,0.0,50.20878601074219,55.18213653564453,157.1053009033203,360.84228515625,1.2564808130264282,0.9596219658851624,61.353755950927734,63.07537841796875,1.8710198402404783,1.876780390739441,0.0,28.025680541992188,32.44029235839844,54.332794189453125,0.0,438.9451293945313,2320331.25,238808.078125,-4.586901664733887,-1.608422875404358,0.7851657867431641,2.38635516166687,-6.149999618530273,0.001190673559904,0.354356974363327,2.2135279178619385,0.0439999997615814,1.0760310888290403,1.0760210752487185,1.0760245323181152,63.852745056152344,64.07467651367188,0.0,1.6992622477118857e-05,0.0,0.0020890987943857,281.39178466796875,0.0,280.88433837890625,281.10626220703125,50.0,50.0,290.382080078125,290.382080078125,290.3778076171875,281.955078125,281.7331237792969,1135.4305419921875,285.88812255859375,68.83395385742188,345.80780029296875,50.0,4.382947281555971e-06,287.6926574707031,143.53945922851562,0.0,0.0,1700.0,61.045013427734375,0.0,30.1831111907959,0.0,61.045013427734375,0.0,0.0,0.0,17771.53515625,35542.73828125,0.0,0.0,0.0,62.1159553527832,81.42862701416016,0.0,0.0,0.0
1270.0,0.0,131.90980529785156,0.0001973227772396,1.1747861208277754e-05,0.0,0.0,0.0,1232.9420166015625,0.0,2578.016845703125,13.48318576812744,13.921629905700684,7.924896240234375,57.44425582885742,0.6875024437904358,47855.015625,0.0,0.0,0.0,0.0,50.09918594360352,55.03123092651367,157.08741760253906,362.23193359375,1.2560834884643557,0.9595459699630736,61.315521240234375,63.02631759643555,1.8654462099075315,1.8716329336166384,0.0,28.637956619262695,32.3046760559082,54.18377304077149,0.0,438.95611572265625,2343584.25,241165.671875,-4.597330093383789,-1.6223194599151611,0.7853020429611206,2.3896868228912354,-6.149999618530273,0.001192633761093,0.3592370152473449,2.244124412536621,0.0439999997615814,1.0760310888290403,1.0760210752487185,1.0760245323181152,63.89119720458984,64.12604522705078,0.0,1.700693064776715e-05,0.0,0.0021108244545757,281.3296203613281,0.0,280.81298828125,281.0478210449219,50.0,50.0,290.29559326171875,290.29559326171875,290.291015625,281.90814208984375,281.67327880859375,1130.5347900390625,285.8139343261719,68.80682373046875,345.7993469238281,50.0,2.1403557184385136e-06,287.8340759277344,143.44813537597656,0.0,0.0,1700.0,61.05854034423828,0.0,33.697296142578125,0.0,61.05854034423828,0.0,0.0,0.0,17771.53515625,35542.73828125,0.0,0.0,0.0,62.27116775512695,81.18110656738281,0.0,0.0,0.0
1280.0,0.0,132.29421997070312,0.0001985410926863,1.1761505447793752e-05,0.0,0.0,0.0,1232.5386962890625,0.0,2578.053466796875,13.474790573120115,13.908953666687012,7.924896240234375,57.7911491394043,0.693594217300415,48253.3671875,0.0,0.0,0.0,0.0,50.003780364990234,54.8800163269043,157.07330322265625,363.6201171875,1.2556861639022827,0.959469735622406,61.28346252441406,62.9770393371582,1.859946846961975,1.8661808967590332,0.0,29.185880661010746,32.12681198120117,54.025936126708984,0.0,438.9671020507813,2366834.75,243521.0625,-4.607477188110352,-1.6362011432647705,0.7854461669921875,2.393277645111084,-6.149999618530273,0.0011946152662858,0.3641423285007477,2.2750885486602783,0.0439999997615814,1.0760310888290403,1.0760210752487185,1.0760245323181152,63.93748092651367,64.18521881103516,0.0,1.702145345916506e-05,0.0,0.0021327717695385,281.2624816894531,0.0,280.7369689941406,280.9846496582031,50.0,50.0,290.20404052734375,290.20404052734375,290.1994323730469,281.8555908203125,281.60784912109375,1125.63916015625,285.7354736328125,68.77969360351562,345.7930603027344,50.0,-3.508639110805234e-06,287.97198486328125,143.3719482421875,0.0,0.0,1700.0,61.068511962890625,0.0,37.149681091308594,0.0,61.068511962890625,0.0,0.0,0.0,17771.53515625,35542.73828125,0.0,0.0,0.0,62.59962463378906,80.77587890625,0.0,0.0,0.0
1290.0,0.0,132.7986602783203,0.0001997733634198,1.177526792162098e-05,0.0,0.0,0.0,1232.13525390625,0.0,2577.957763671875,13.46733570098877,13.896345138549805,7.924896240234375,58.12493133544922,0.6996856927871704,48651.5234375,0.0,0.0,0.0,0.0,49.92047119140625,54.729122161865234,157.11306762695312,365.00677490234375,1.25528883934021,0.9593936800956726,61.25469207763672,62.92759704589844,1.8545206785202024,1.861047625541687,0.0,29.658302307128903,31.88846206665039,53.87732696533203,0.0,438.97808837890625,2390082.5,245874.109375,-4.617485046386719,-1.6500678062438965,0.7855960130691528,2.396986722946167,-6.149999618530273,0.0011966185411438,0.3690725862979889,2.3063161373138428,0.0439999997615814,1.078749418258667,1.0763835906982422,1.0771722793579102,64.01299285888672,64.27188873291016,0.0,1.7036200006259605e-05,0.0,0.0021548434160649,281.1929626464844,0.0,280.6590270996094,280.9179382324219,50.0,50.0,290.1089172363281,290.1089172363281,290.1040954589844,281.79656982421875,281.5376892089844,1120.7435302734375,285.65264892578125,68.75257110595703,345.8095703125,50.0,-3.598417606553994e-06,288.10467529296875,143.30392456054688,0.0,0.0,1700.0,61.04225540161133,0.0,40.52325439453125,0.0,61.04225540161133,0.0,0.0,0.0,17816.4296875,35554.7109375,0.0,0.0,0.0,63.02470016479492,80.28253173828125,0.0,0.0,0.0
1300.0,0.0,133.18617248535156,0.0002010174503084,1.178910861199256e-05,0.0,0.0,0.0,1231.7132568359375,0.0,2578.00732421875,13.460736274719238,13.883808135986328,7.924896240234375,58.47970199584961,0.7057769894599915,49049.4921875,0.0,0.0,0.0,0.0,49.84769058227539,54.578861236572266,157.0899658203125,366.3918151855469,1.2548919916152954,0.9593180418014526,61.22703552246094,62.87788391113281,1.849165081977844,1.856013298034668,0.0,30.062583923339844,31.614194869995117,53.73158645629883,0.0,438.9890747070313,2413328.0,248224.875,-4.627270221710205,-1.663918137550354,0.7857499718666077,2.400897741317749,-6.149999618530273,0.0011986434692516,0.3740277588367462,2.3377254009246826,0.0439999997615814,1.078749418258667,1.076746106147766,1.0774139165878296,64.06697845458984,64.33699035644531,0.0,1.7051177565008402e-05,0.0,0.0021769616287201,281.1195068359375,0.0,280.57818603515625,280.84820556640625,50.0,50.0,290.01116943359375,290.01116943359375,290.006103515625,281.7340087890625,281.4639892578125,1115.8477783203125,285.56695556640625,68.7254409790039,345.8009948730469,50.0,3.6283158806327265e-06,288.24566650390625,143.2388153076172,0.0,0.0,1700.0,61.05586242675781,0.0,43.80238342285156,0.0,61.05586242675781,0.0,0.0,0.0,17816.4296875,35566.6875,0.0,0.0,0.0,63.491607666015625,79.75044250488281,0.0,0.0,0.0
1310.0,0.0,133.5704803466797,0.0002022716798819,1.1803001143562142e-05,0.0,0.0,0.0,1231.2861328125,0.0,2577.917724609375,13.454926490783691,13.871343612670898,7.924896240234375,58.79973602294922,0.7118681073188782,49447.28515625,0.0,0.0,0.0,0.0,49.78428649902344,54.429405212402344,157.06924438476562,367.7754211425781,1.2544946670532229,0.959242045879364,61.198951721191406,62.82767105102539,1.843879222869873,1.8506534099578855,0.0,30.41866111755371,31.33492851257324,53.576416015625,0.0,439.00006103515625,2436570.75,250573.46875,-4.6369757652282715,-1.677754282951355,0.7859078645706177,2.4048702716827393,-6.149999618530273,0.0012006898177787,0.3790076971054077,2.369255542755127,0.0439999997615814,1.078749418258667,1.076746106147766,1.0774139165878296,64.14913940429688,64.4293212890625,0.0,1.7066364307538606e-05,0.0,0.0021990705281496,281.0446472167969,0.0,280.49627685546875,280.77655029296875,50.0,50.0,289.9109191894531,289.9109191894531,289.9059143066406,281.66729736328125,281.3870849609375,1110.9521484375,285.47955322265625,68.69831848144531,345.8164367675781,50.0,-2.9799311960232444e-06,288.3728942871094,143.1727752685547,0.0,0.0,1700.0,61.03132629394531,0.0,46.970760345458984,0.0,61.03132629394531,0.0,0.0,0.0,17816.4296875,35566.6875,0.0,0.0,64.44649505615234,63.964324951171875,79.21180725097656,0.0,0.0,0.0
1320.0,0.0,134.08523559570312,0.0002035267534665,1.181679908768274e-05,0.0,0.0,0.0,1231.39111328125,0.0,2577.97265625,13.444695472717283,13.85894775390625,7.924896240234375,59.15172576904297,0.7179585099220276,49844.87890625,0.0,0.0,0.0,0.0,49.666595458984375,54.28180694580078,157.1059112548828,369.1574401855469,1.2540972232818604,0.9591658711433412,61.15777587890625,62.77689743041992,1.838661193847656,1.8439836502075195,0.0,26.05790901184082,31.167123794555664,53.38332748413086,0.0,439.0109252929687,2459810.75,252919.734375,-4.647225856781006,-1.6915744543075562,0.786062479019165,2.408285617828369,-6.149999618530273,0.0012027582852169,0.3840123414993286,2.4005649089813232,0.0439999997615814,1.078749418258667,1.0771087408065796,1.0776556730270386,64.2497787475586,64.49483489990234,0.0,1.708176023385022e-05,0.0,0.0022208550944924,280.98016357421875,0.0,280.4617004394531,280.70684814453125,50.0,50.0,289.8127746582031,289.8127746582031,289.808837890625,281.55718994140625,281.3121337890625,1106.0565185546875,285.3973388671875,68.67118835449219,345.8069763183594,50.0,4.512066880124621e-06,288.5127868652344,143.08042907714844,0.0,0.0,1700.0,61.046382904052734,0.0,0.0,-0.0,61.046382904052734,0.0,0.0,0.0,17816.4296875,35578.66796875,0.0,0.0,0.0,64.16282653808594,78.92610931396484,0.0,0.0,0.0
1330.0,0.0,134.51666259765625,0.0002047594025498,1.1830125913547818e-05,0.0,0.0,0.0,1231.15625,0.0,2577.9443359375,13.42508029937744,13.846524238586426,7.924896240234375,59.52955627441406,0.7240479588508606,50242.0859375,0.0,0.0,0.0,0.0,49.43022918701172,54.13761520385742,157.11524963378906,370.537841796875,1.2536998987197876,0.9590896368026732,61.09213638305664,62.725704193115234,1.83350932598114,1.838078498840332,0.0,26.227338790893555,31.312883377075195,53.212371826171875,0.0,439.0213012695313,2483048.5,255263.765625,-4.658717155456543,-1.705378532409668,0.7861723303794861,2.4104886054992676,-6.149999618530273,0.0012048473581671,0.3890421390533447,2.4308102130889893,0.0439999997615814,1.078749418258667,1.0771087408065796,1.0776556730270386,64.33861541748047,64.54827117919922,0.0,1.7097363524953835e-05,0.0,0.0022415411658585,280.9384765625,0.0,280.4481201171875,280.6578063964844,50.0,50.0,289.7430114746094,289.7430114746094,289.7396240234375,281.4732360839844,281.2635803222656,1101.1607666015625,285.34173583984375,68.6440658569336,345.8118591308594,50.0,-4.1595253605919424e-06,288.6629943847656,142.92349243164062,0.0,0.0,1700.0,61.03859329223633,0.0,0.0,-0.0,61.03859329223633,0.0,0.0,0.0,17816.4296875,35578.66796875,0.0,0.0,0.0,63.64002227783203,79.29083251953125,0.0,0.0,0.0
1340.0,0.0,134.87640380859375,0.0002060092956526,1.1843630090879742e-05,0.0,0.0,0.0,1230.9107666015625,0.0,2577.935791015625,13.405719757080078,13.834064483642578,7.924896240234375,59.89994430541992,0.7301368713378906,50638.88671875,0.0,0.0,0.0,0.0,49.199005126953125,53.99201583862305,157.05859375,371.9169616699219,1.2533026933670044,0.9590137004852296,61.03366470336914,62.67447280883789,1.8284223079681396,1.8331221342086792,0.0,26.32705307006836,31.41512680053711,53.068885803222656,0.0,439.03167724609375,2506283.5,257605.53125,-4.670016765594482,-1.7191697359085083,0.786280632019043,2.412872314453125,-6.149999618530273,0.0012069569202139,0.3940970003604889,2.4614527225494385,0.0439999997615814,1.078749418258667,1.0771087408065796,1.0776556730270386,64.388427734375,64.5938491821289,0.0,1.7113165085902438e-05,0.0,0.0022624833509325,280.893310546875,0.0,280.4066162109375,280.61199951171875,50.0,50.0,289.67425537109375,289.67425537109375,289.6707763671875,281.42486572265625,281.2194519042969,1096.26513671875,285.28485107421875,68.61693572998047,345.81329345703125,50.0,-2.215762833657209e-06,288.81024169921875,142.7841339111328,0.0,0.0,1700.0,61.036319732666016,0.0,0.0,-0.0,61.036319732666016,0.0,0.0,0.0,17816.4296875,35578.66796875,0.0,0.0,64.20105743408203,63.31716537475586,79.47364807128906,0.0,0.0,0.0
1350.0,0.0,135.26736450195312,0.0002072736097034,1.1857262506964616e-05,0.0,0.0,0.0,1230.6534423828125,0.0,2577.96240234375,13.38652229309082,13.821593284606934,7.924896240234375,60.25844955444336,0.7362249493598938,51035.32421875,0.0,0.0,0.0,0.0,48.97096252441406,53.845726013183594,157.1129150390625,373.294677734375,1.2529057264328003,0.95893794298172,60.97974395751953,62.62350082397461,1.823398470878601,1.828271985054016,0.0,26.40120506286621,31.478849411010746,52.92847442626953,0.0,439.04205322265625,2529516.0,259945.09375,-4.681151866912842,-1.732946753501892,0.7863926291465759,2.4154021739959717,-6.149999618530273,0.001209087553434,0.3991767764091491,2.4923882484436035,0.0439999997615814,1.078749418258667,1.0774714946746826,1.0778974294662476,64.42990112304688,64.63528442382812,0.0,1.7129190382547677e-05,0.0,0.0022835843265056,280.8453063964844,0.0,280.3592224121094,280.5646057128906,50.0,50.0,289.6031494140625,289.6031494140625,289.59954833984375,281.3787841796875,281.17340087890625,1091.3695068359375,285.2253723144531,68.58981323242188,345.8086853027344,50.0,1.7060090158338426e-06,288.9527282714844,142.65585327148438,0.0,0.0,1700.0,61.04363250732422,0.0,0.0,-0.0,61.04363250732422,0.0,0.0,0.0,17816.4296875,35590.6484375,0.0,0.0,0.0,63.112403869628906,79.5496597290039,0.0,0.0,0.0
1360.0,0.0,135.62828063964844,0.00020855065668,1.1870994057971984e-05,0.0,0.0,0.0,1230.3892822265625,0.0,2577.948974609375,13.36742877960205,13.809121131896973,7.924896240234375,60.6287841796875,0.7423124313354492,51431.41015625,0.0,0.0,0.0,0.0,48.74492645263672,53.69905853271485,157.11383056640625,374.67083740234375,1.2525084018707275,0.9588619470596312,60.92872619628906,62.57283782958984,1.8184367418289185,1.823407769203186,0.0,26.444725036621097,31.516027450561523,52.787654876708984,0.0,439.0524291992187,2552745.75,262282.40625,-4.6921820640563965,-1.7467082738876345,0.7865075469017029,2.4180188179016113,-6.149999618530273,0.0012112386757507,0.4042813777923584,2.523552656173706,0.0439999997615814,1.078749418258667,1.0774714946746826,1.0778974294662476,64.48035430908203,64.686279296875,0.0,1.7145399397122674e-05,0.0,0.0023047842551022,280.7955627441406,0.0,280.30950927734375,280.5154113769531,50.0,50.0,289.5301818847656,289.5301818847656,289.5265197753906,281.33074951171875,281.12481689453125,1086.4737548828125,285.1640319824219,68.56268310546875,345.81109619140625,50.0,-4.3610930333670694e-06,289.0999450683594,142.53466796875,0.0,0.0,1700.0,61.039825439453125,0.0,0.0,-0.0,61.039825439453125,0.0,0.0,0.0,17816.4296875,35590.6484375,0.0,0.0,0.0,62.980133056640625,79.56049346923828,0.0,0.0,0.0
1370.0,0.0,135.98519897460938,0.0002098390978062,1.1884810191986617e-05,0.0,0.0,0.0,1230.118896484375,0.0,2577.970703125,13.348402976989746,13.79665756225586,7.924896240234375,60.98830795288086,0.7483996748924255,51827.171875,0.0,0.0,0.0,0.0,48.52012252807617,53.55230712890625,157.105712890625,376.0455017089844,1.2521109580993652,0.9587858319282532,60.87942886352539,62.52243423461914,1.8135358095169067,1.8186142444610596,0.0,26.46521759033203,31.527437210083008,52.64888381958008,0.0,439.0628051757813,2575972.75,264617.46875,-4.7031049728393555,-1.7604550123214722,0.7866247296333313,2.420725107192993,-6.149999618530273,0.0012134157586842,0.4094106554985046,2.554898738861084,0.0439999997615814,1.078749418258667,1.0774714946746826,1.0778974294662476,64.52674102783203,64.73290252685547,0.0,1.7161806681542657e-05,0.0,0.0023260405287146,280.7440185546875,0.0,280.258544921875,280.46478271484375,50.0,50.0,289.4557800292969,289.4557800292969,289.4520263671875,281.280517578125,281.0743713378906,1081.578125,285.10113525390625,68.53555297851562,345.8072814941406,50.0,-4.18659965362167e-06,289.24285888671875,142.41773986816406,0.0,0.0,1700.0,61.04587936401367,0.0,0.0,-0.0,61.04587936401367,0.0,0.0,0.0,17816.4296875,35590.6484375,0.0,0.0,0.0,62.88849258422851,79.5350341796875,0.0,0.0,0.0
1380.0,0.0,136.36831665039062,0.0002111379289999,1.1898689081135672e-05,0.0,0.0,0.0,1229.8441162109375,0.0,2577.968505859375,13.329422950744627,13.78421401977539,7.924896240234375,61.353050231933594,0.7544642090797424,52222.609375,0.0,0.0,0.0,0.0,48.29608917236328,53.40567779541016,157.10581970214844,377.4187927246094,1.2518129348754885,0.9587286114692688,60.831092834472656,62.47220230102539,1.808694005012512,1.813898682594299,0.0,26.470287322998047,31.52018165588379,52.51236724853515,0.0,439.07318115234375,2599197.5,266950.3125,-4.713967800140381,-1.7741879224777222,0.7867434620857239,2.423476219177246,-6.149999618530273,0.0012156579177826,0.4145645499229431,2.5863900184631348,0.0439999997615814,1.078749418258667,1.0778343677520752,1.0781394243240356,64.57909393310547,64.7854995727539,0.0,1.718095882097259e-05,0.0,0.0023473198525607,280.6915283203125,0.0,280.20654296875,280.4129638671875,50.0,50.0,289.3804016113281,289.3804016113281,289.3765563964844,281.2286071777344,281.022216796875,1076.6824951171875,285.03704833984375,68.51521301269531,345.8077087402344,50.0,-3.865748112730216e-06,289.3878479003906,142.30296325683594,0.0,0.0,1700.0,61.04521942138672,0.0,0.0,-0.0,61.04521942138672,0.0,0.0,0.0,17816.4296875,35602.6328125,0.0,0.0,0.0,62.8189811706543,79.48971557617188,0.0,0.0,0.0
1390.0,0.0,136.72079467773438,0.00021244630625,1.191262072097743e-05,0.0,0.0,0.0,1229.5643310546875,0.0,2577.999755859375,13.310474395751951,13.771774291992188,7.924896240234375,61.70762252807617,0.7604612708091736,52617.7265625,0.0,0.0,0.0,0.0,48.07256317138672,53.259029388427734,157.0944061279297,378.79058837890625,1.2518129348754885,0.9587286114692688,60.78327560424805,62.42204666137695,1.8039103746414185,1.8092113733291624,0.0,26.465639114379883,31.49989891052246,52.376670837402344,0.0,439.08355712890625,2622419.5,269280.8125,-4.724750995635986,-1.7879059314727783,0.7868634462356567,2.4262912273406982,-6.149999618530273,0.0012179216137155,0.4197429418563843,2.6179964542388916,0.0439999997615814,1.078749418258667,1.0778343677520752,1.0781394243240356,64.62700653076172,64.83351135253906,0.0,1.7211736121680588e-05,0.0,0.0023685952182859,280.6377258300781,0.0,280.1536560058594,280.360107421875,50.0,50.0,289.30419921875,289.30419921875,289.3002624511719,281.1752624511719,280.9687805175781,1071.7867431640625,284.9720764160156,68.51521301269531,345.8022766113281,50.0,4.911526957585011e-06,289.5287780761719,142.188720703125,0.0,0.0,1700.0,61.05385208129883,0.0,0.0,-0.0,61.05385208129883,0.0,0.0,0.0,17816.4296875,35602.6328125,0.0,0.0,0.0,62.76120376586914,79.4332046508789,0.0,0.0,0.0
1400.0,0.0,137.12530517578125,0.0002137642004527,1.1926603292522486e-05,0.0,0.0,0.0,1229.2781982421875,0.0,2578.00927734375,13.291549682617188,13.75935173034668,7.924896240234375,62.056617736816406,0.766459047794342,53012.53125,0.0,0.0,0.0,0.0,47.84938430786133,53.11255645751953,157.09056091308594,380.160888671875,1.2518129348754885,0.9587286114692688,60.73567962646485,62.37186813354492,1.799183368682861,1.8042621612548828,0.0,26.46246910095215,31.485883712768555,52.23339080810547,0.0,439.0939331054687,2645639.5,271609.1875,-4.735469818115234,-1.8016088008880615,0.7869846820831299,2.4291539192199707,-6.149999618530273,0.001220207195729,0.4249456822872162,2.6497180461883545,0.0439999997615814,1.078749418258667,1.078197360038757,1.0783814191818235,64.67977142333984,64.88623809814453,0.0,1.724276808090508e-05,0.0,0.002389867324382,280.5828857421875,0.0,280.1000061035156,280.30645751953125,50.0,50.0,289.2272033691406,289.2272033691406,289.22344970703125,281.12091064453125,280.9144592285156,1066.89111328125,284.9068908691406,68.51521301269531,345.8006896972656,50.0,1.4954531479816069e-06,289.6675109863281,142.07501220703125,0.0,0.0,1700.0,61.0563850402832,0.0,0.0,-0.0,61.0563850402832,0.0,0.0,0.0,17816.4296875,35614.62109375,0.0,0.0,0.0,62.71018981933594,79.3705062866211,0.0,0.0,0.0
1410.0,0.0,137.4733123779297,0.0002150912914657,1.194063588627614e-05,0.0,0.0,0.0,1228.9913330078125,0.0,2578.04833984375,13.27264404296875,13.74693775177002,7.924896240234375,62.4079475402832,0.7724575400352478,53407.015625,0.0,0.0,0.0,0.0,47.626461029052734,52.9661750793457,157.07586669921875,381.5297546386719,1.2518129348754885,0.9587286114692688,60.688133239746094,62.32160949707031,1.794512152671814,1.7996810674667358,0.0,26.446624755859375,31.447858810424805,52.10076522827149,0.0,439.1043090820313,2668856.5,273935.28125,-4.746153354644775,-1.8152976036071775,0.7871062755584717,2.432037830352783,-6.149999618530273,0.0012225145474076,0.430172860622406,2.681546449661255,0.0439999997615814,1.078749418258667,1.078197360038757,1.0783814191818235,64.72822570800781,64.93476104736328,0.0,1.7274072888540104e-05,0.0,0.0024111294187605,280.5275573730469,0.0,280.04571533203125,280.2522888183594,50.0,50.0,289.1500244140625,289.1500244140625,289.14617919921875,281.0657043457031,280.85919189453125,1061.9954833984375,284.8406982421875,68.51521301269531,345.7939453125,50.0,3.911599378625397e-06,289.8071594238281,141.96145629882812,0.0,0.0,1700.0,61.06713104248047,0.0,0.0,-0.0,61.06713104248047,0.0,0.0,0.0,17816.4296875,35614.62109375,0.0,0.0,0.0,62.66255187988281,79.30458068847656,0.0,0.0,0.0
1420.0,0.0,137.8231658935547,0.0002164273901144,1.1954709407291377e-05,0.0,0.0,0.0,1228.7052001953125,0.0,2577.91455078125,13.253755569458008,13.73453140258789,7.924896240234375,62.74723815917969,0.7784557938575745,53801.1875,0.0,0.0,0.0,0.0,47.40376281738281,52.819862365722656,157.06983947753906,382.8971862792969,1.2518129348754885,0.9587286114692688,60.64048767089844,62.271183013916016,1.7898955345153809,1.7951070070266724,0.0,26.427188873291016,31.40391731262207,51.96834945678711,0.0,439.11468505859375,2692070.75,276259.15625,-4.756865501403809,-1.8289718627929688,0.7872288823127747,2.4348771572113037,-6.149999618530273,0.001224843552336,0.4354242980480194,2.7134740352630615,0.0439999997615814,1.078749418258667,1.078197360038757,1.0783814191818235,64.80716705322266,65.01366424560547,0.0,1.7305635992670432e-05,0.0,0.00243237381801,280.47296142578125,0.0,279.9908752441406,280.1973876953125,50.0,50.0,289.07220458984375,289.07220458984375,289.0683288574219,281.009765625,280.8032531738281,1057.0997314453125,284.7738342285156,68.51521301269531,345.8169250488281,50.0,-4.719573553302325e-06,289.9420471191406,141.84768676757812,0.0,0.0,1700.0,61.03050231933594,0.0,0.0,-0.0,61.03050231933594,0.0,0.0,0.0,17816.4296875,35614.62109375,0.0,0.0,64.48695373535156,62.61651992797851,79.23685455322266,0.0,0.0,0.0
1430.0,0.0,138.2042236328125,0.0002177723799832,1.1968824765062893e-05,0.0,0.0,0.0,1228.4129638671875,0.0,2577.95361328125,13.234880447387695,13.722138404846191,7.924896240234375,63.09665298461914,0.7844542264938354,54195.046875,0.0,0.0,0.0,0.0,47.18124008178711,52.6736946105957,157.11607360839844,384.26318359375,1.2518129348754885,0.9587286114692688,60.59270477294922,62.220550537109375,1.785331964492798,1.790589690208435,0.0,26.406274795532227,31.358211517333984,51.83757019042969,0.0,439.12506103515625,2715282.5,278580.8125,-4.767474174499512,-1.8426318168640137,0.7873515486717224,2.4378058910369873,-6.149999618530273,0.001227194792591,0.4406998455524444,2.745497703552246,0.0439999997615814,1.078749418258667,1.0785605907440186,1.0786235332489014,64.85700988769531,65.06354522705078,0.0,1.7337459212285466e-05,0.0,0.002453600987792,280.4165344238281,0.0,279.9355163574219,280.1420593261719,50.0,50.0,288.9942932128906,288.9942932128906,288.9903869628906,280.9532165527344,280.7466735839844,1052.2041015625,284.7066955566406,68.51521301269531,345.8102111816406,50.0,2.631556753840414e-06,290.0809020996094,141.73358154296875,0.0,0.0,1700.0,61.041202545166016,0.0,0.0,-0.0,61.041202545166016,0.0,0.0,0.0,17816.4296875,35626.62109375,0.0,0.0,0.0,62.57197570800781,79.16732025146484,0.0,0.0,0.0
1440.0,0.0,138.54835510253906,0.0002191261010011,1.1982983778580092e-05,0.0,0.0,0.0,1228.11865234375,0.0,2577.9814453125,13.216020584106444,13.70975112915039,7.924896240234375,63.44964599609375,0.7904531955718994,54588.58203125,0.0,0.0,0.0,0.0,46.95890045166016,52.52760314941406,157.1018829345703,385.627685546875,1.2518129348754885,0.9587286114692688,60.54472351074219,62.16969299316406,1.7808207273483276,1.7861289978027344,0.0,26.38430404663086,31.310043334960938,51.70843505859375,0.0,439.1354370117187,2738492.0,280900.25,-4.77805757522583,-1.8562768697738647,0.7874744534492493,2.440744638442993,-6.149999618530273,0.0012295674532651,0.4459995925426483,2.777613401412964,0.0439999997615814,1.078749418258667,1.0785605907440186,1.0786235332489014,64.90926361083984,65.11576843261719,0.0,1.736954800435342e-05,0.0,0.002474807202816,280.35980224609375,0.0,279.8797912597656,280.0863037109375,50.0,50.0,288.9162292480469,288.9162292480469,288.91229248046875,280.89617919921875,280.6896667480469,1047.3084716796875,284.63934326171875,68.51521301269531,345.8054504394531,50.0,4.0874574551708065e-06,290.2212219238281,141.61900329589844,0.0,0.0,1700.0,61.04881286621094,0.0,0.0,-0.0,61.04881286621094,0.0,0.0,0.0,17816.4296875,35626.62109375,0.0,0.0,0.0,62.52753829956055,79.09721374511719,0.0,0.0,0.0
1450.0,0.0,138.9141082763672,0.0002204884367529,1.1997180990874767e-05,0.0,0.0,0.0,1227.822265625,0.0,2578.00927734375,13.197176933288574,13.697373390197754,7.924896240234375,63.8018684387207,0.7964528203010559,54981.80078125,0.0,0.0,0.0,0.0,46.73674011230469,52.3816032409668,157.0911102294922,386.9907531738281,1.2518129348754885,0.9587286114692688,60.49651718139648,62.11859130859375,1.7763608694076538,1.7818028926849363,0.0,26.35895347595215,31.255460739135746,51.583194732666016,0.0,439.1458129882813,2761699.0,283217.40625,-4.788609504699707,-1.86990749835968,0.78759765625,2.443700075149536,-6.149999618530273,0.0012319620000198,0.4513233602046966,2.809818744659424,0.0439999997615814,1.078749418258667,1.0789239406585691,1.0788657665252686,64.96195983886719,65.16842651367188,0.0,1.740189691190608e-05,0.0,0.0024959908332675,280.3026428222656,0.0,279.8235778808594,280.0301208496094,50.0,50.0,288.8380432128906,288.8380432128906,288.833984375,280.83868408203125,280.6322326660156,1042.4127197265625,284.5715026855469,68.51521301269531,345.8006591796875,50.0,4.743694717035396e-06,290.3612365722656,141.50392150878906,0.0,0.0,1700.0,61.05644226074219,0.0,0.0,-0.0,61.05644226074219,0.0,0.0,0.0,17816.4296875,35638.625,0.0,0.0,0.0,62.48334503173828,79.02632904052734,0.0,0.0,0.0
1460.0,0.0,139.38800048828125,0.0002218592708231,1.2011415492452215e-05,0.0,0.0,0.0,1227.5272216796875,0.0,2578.042236328125,13.178342819213867,13.68500518798828,7.924896240234375,64.13984680175781,0.8024519085884094,55374.69921875,0.0,0.0,0.0,0.0,46.51469802856445,52.23572540283203,157.0791015625,388.3523254394531,1.2518129348754885,0.9587286114692688,60.448055267333984,62.06721878051758,1.7719513177871704,1.77717924118042,0.0,26.343597412109375,31.216167449951172,51.4493408203125,0.0,439.15618896484375,2784903.25,285532.46875,-4.799106121063232,-1.8835233449935913,0.787721574306488,2.44669508934021,-6.149999618530273,0.001234378432855,0.456671267747879,2.8421108722686768,0.0439999997615814,1.0814743041992188,1.0789239406585691,1.0797741413116455,65.01448059082031,65.22071075439453,0.0,1.7434505934943445e-05,0.0,0.0025171502493321,280.2445983886719,0.0,279.7671813964844,279.97344970703125,50.0,50.0,288.7593688964844,288.7593688964844,288.7554931640625,280.7804870605469,280.5742492675781,1037.51708984375,284.5039367675781,68.51521301269531,345.7949523925781,50.0,-2.4597120500402525e-06,290.49560546875,141.38818359375,0.0,0.0,1700.0,61.06550979614258,0.0,0.0,-0.0,61.06550979614258,0.0,0.0,0.0,17861.43359375,35638.625,0.0,0.0,0.0,62.43891525268555,78.95506286621094,0.0,0.0,0.0
1470.0,0.0,139.72508239746094,0.0002232386032119,1.2025690011796542e-05,0.0,0.0,0.0,1227.2296142578125,0.0,2577.91650390625,13.159523010253906,13.672643661499023,7.924896240234375,64.47521209716797,0.8084514737129211,55767.27734375,0.0,0.0,0.0,0.0,46.29283142089844,52.08992385864258,157.0680389404297,389.7124328613281,1.2518129348754885,0.9587286114692688,60.39934539794922,62.01554489135742,1.7675907611846924,1.7728813886642456,0.0,26.31803321838379,31.160816192626953,51.32491683959961,0.0,439.16656494140625,2808105.25,287845.25,-4.809659004211426,-1.8971242904663088,0.7878454923629761,2.44961929321289,-6.149999618530273,0.00123681651894,0.462042897939682,2.8744893074035645,0.0439999997615814,1.0814743041992188,1.0789239406585691,1.0797741413116455,65.09528350830078,65.30059814453125,0.0,1.7467373254476115e-05,0.0,0.0025382856838405,280.18780517578125,0.0,279.711181640625,279.91656494140625,50.0,50.0,288.6806945800781,288.6806945800781,288.6767883300781,280.7213134765625,280.5159912109375,1032.6214599609375,284.435546875,68.51521301269531,345.81658935546875,50.0,-5.090972081234213e-06,290.62890625,141.27188110351562,0.0,0.0,1700.0,61.03105163574219,0.0,0.0,-0.0,61.03105163574219,0.0,0.0,0.0,17861.43359375,35638.625,0.0,0.0,64.4599838256836,62.395111083984375,78.88259887695312,0.0,0.0,0.0
1480.0,0.0,140.09527587890625,0.0002246262447442,1.2039998182444832e-05,0.0,0.0,0.0,1226.926513671875,0.0,2577.97265625,13.140714645385742,13.66028881072998,7.924896240234375,64.81782531738281,0.8144518733024597,56159.52734375,0.0,0.0,0.0,0.0,46.07109832763672,51.94418716430664,157.10910034179688,391.0711059570313,1.2518129348754885,0.9587286114692688,60.350345611572266,61.96355819702149,1.7632783651351929,1.768618941307068,0.0,26.292890548706055,31.107500076293945,51.20151901245117,0.0,439.1769409179687,2831304.5,290155.875,-4.820118427276611,-1.9107110500335691,0.7879695296287537,2.452622890472412,-6.149999618530273,0.0012392762582749,0.4674384593963623,2.9069509506225586,0.0439999997615814,1.0814743041992188,1.07928729057312,1.0800163745880127,65.14448547363281,65.3497314453125,0.0,1.7500507965451106e-05,0.0,0.0025593948084861,280.12933349609375,0.0,279.65399169921875,279.8592529296875,50.0,50.0,288.6019592285156,288.6019592285156,288.5980224609375,280.6624755859375,280.45721435546875,1027.7257080078125,284.36700439453125,68.51521301269531,345.8069763183594,50.0,4.655280918086646e-06,290.76507568359375,141.15489196777344,0.0,0.0,1700.0,61.0463981628418,0.0,0.0,-0.0,61.0463981628418,0.0,0.0,0.0,17861.43359375,35650.62890625,0.0,0.0,0.0,62.35142135620117,78.8093490600586,0.0,0.0,0.0
1490.0,0.0,140.42884826660156,0.0002260221372125,1.20543445518706e-05,0.0,0.0,0.0,1226.62158203125,0.0,2578.016357421875,13.121917724609377,13.647942543029783,7.924896240234375,65.16329956054688,0.8204517960548401,56551.45703125,0.0,0.0,0.0,0.0,45.849510192871094,51.798553466796875,157.08917236328125,392.42828369140625,1.2518129348754885,0.9587286114692688,60.301055908203125,61.91123580932617,1.759013533592224,1.7643990516662598,0.0,26.26753807067871,31.052995681762695,51.07935333251953,0.0,439.1873168945313,2854501.0,292464.21875,-4.83055305480957,-1.924282908439636,0.7880938053131104,2.4556360244750977,-6.149999618530273,0.0012417576508596,0.4728577435016632,2.9394941329956055,0.0439999997615814,1.0814743041992188,1.07928729057312,1.0800163745880127,65.19606018066406,65.40123748779297,0.0,1.7533897334942594e-05,0.0,0.0025804766919463,280.070556640625,0.0,279.5964050292969,279.8015441894531,50.0,50.0,288.5230712890625,288.5230712890625,288.51910400390625,280.6033935546875,280.3982238769531,1022.830078125,284.2982177734375,68.51521301269531,345.7994689941406,50.0,-5.152616267878329e-06,290.9024353027344,141.03721618652344,0.0,0.0,1700.0,61.05833435058594,0.0,0.0,-0.0,61.05833435058594,0.0,0.0,0.0,17861.43359375,35650.62890625,0.0,0.0,0.0,62.308135986328125,78.73500061035156,0.0,0.0,0.0
1500.0,0.0,140.7847137451172,0.0002274261787533,1.2068725482095031e-05,0.0,0.0,0.0,1226.315673828125,0.0,2578.056396484375,13.10313320159912,13.635607719421388,7.924896240234375,65.50863647460938,0.8264517784118652,56943.0546875,0.0,0.0,0.0,0.0,45.62806701660156,51.65304183959961,157.0737762451172,393.7840576171875,1.2518129348754885,0.9587286114692688,60.25146484375,61.85859680175781,1.7547948360443115,1.760306477546692,0.0,26.240705490112305,30.99629592895508,50.96087265014648,0.0,439.19769287109375,2877695.0,294770.46875,-4.84097146987915,-1.9378405809402464,0.7882179021835327,2.458651065826416,-6.149999618530273,0.0012442611623555,0.4783008098602295,2.9721152782440186,0.0439999997615814,1.0814743041992188,1.0796507596969604,1.08025860786438,65.24851989746094,65.45365905761719,0.0,1.7567550457897596e-05,0.0,0.0026015304028987,280.0116271972656,0.0,279.5384216308594,279.7436218261719,50.0,50.0,288.4442138671875,288.4442138671875,288.4401550292969,280.54400634765625,280.3388671875,1017.9343872070312,284.2291564941406,68.51521301269531,345.7925109863281,50.0,-4.254697159922216e-06,291.0397033691406,140.91880798339844,0.0,0.0,1700.0,61.06937789916992,0.0,0.0,-0.0,61.06937789916992,0.0,0.0,0.0,17861.43359375,35662.6328125,0.0,0.0,0.0,62.26447296142578,78.66027069091797,0.0,0.0,0.0
1510.0,0.0,141.1381072998047,0.0002288383402628,1.2083140063623432e-05,0.0,0.0,0.0,1226.008544921875,0.0,2577.901611328125,13.08436107635498,13.62327766418457,7.924896240234375,65.83940124511719,0.8324523568153381,57334.32421875,0.0,0.0,0.0,0.0,45.40675735473633,51.507591247558594,157.0699005126953,395.1383361816406,1.2518129348754885,0.9587286114692688,60.20157623291016,61.80564498901367,1.7506217956542969,1.7558953762054443,0.0,26.224016189575195,30.9591121673584,50.83317184448242,0.0,439.20806884765625,2900886.75,297074.4375,-4.851417064666748,-1.951383352279663,0.7883425354957581,2.4616236686706543,-6.149999618530273,0.0012467862106859,0.4837674796581268,3.0048158168792725,0.0439999997615814,1.0814743041992188,1.0796507596969604,1.08025860786438,65.33464050292969,65.53975677490234,0.0,1.7601460058358498e-05,0.0,0.0026225573383271,279.95343017578125,0.0,279.4803161621094,279.6854248046875,50.0,50.0,288.3651123046875,288.3651123046875,288.3612060546875,280.48455810546875,280.2794494628906,1013.0386962890624,284.16064453125,68.51521301269531,345.8192138671875,50.0,2.184345930800191e-06,291.171142578125,140.7996826171875,0.0,0.0,1700.0,61.02690124511719,0.0,0.0,-0.0,61.02690124511719,0.0,0.0,0.0,17861.43359375,35662.6328125,0.0,0.0,64.66361999511719,62.22080612182617,78.5848388671875,0.0,0.0,0.0
1520.0,0.0,141.4960174560547,0.0002302585053257,1.20975901154452e-05,0.0,0.0,0.0,1225.6976318359375,0.0,2577.986328125,13.065603256225586,13.610955238342283,7.924896240234375,66.17062377929688,0.8384534120559692,57725.26171875,0.0,0.0,0.0,0.0,45.18561172485352,51.36222457885742,157.10464477539062,396.4912109375,1.2518129348754885,0.9587286114692688,60.151397705078125,61.752384185791016,1.746493220329285,1.751866579055786,0.0,26.19718360900879,30.902835845947266,50.71653747558594,0.0,439.2184448242187,2924076.0,299376.21875,-4.861766338348389,-1.9649120569229128,0.7884672284126282,2.4646782875061035,-6.149999618530273,0.0012493329122662,0.4892577528953552,3.0375936031341553,0.0439999997615814,1.0814743041992188,1.0800145864486694,1.0805011987686155,65.38021850585938,65.5853271484375,0.0,1.7635629774304107e-05,0.0,0.0026435563340783,279.8934631347656,0.0,279.421630859375,279.6267395019531,50.0,50.0,288.28594970703125,288.28594970703125,288.281982421875,280.4244384765625,280.2193298339844,1008.14306640625,284.0910949707031,68.51521301269531,345.8046569824219,50.0,4.242517661623424e-06,291.3028259277344,140.6798858642578,0.0,0.0,1700.0,61.050079345703125,0.0,0.0,0.0,61.050079345703125,0.0,0.0,0.0,17861.43359375,35674.65234375,0.0,0.0,0.0,62.17684173583984,78.50904083251953,0.0,0.0,0.0
1530.0,0.0,141.81643676757812,0.0002316866593901,1.2112073818570934e-05,0.0,0.0,0.0,1225.386962890625,0.0,2578.01611328125,13.046856880187988,13.59864330291748,7.924896240234375,66.51771545410156,0.8444539308547974,58115.859375,0.0,0.0,0.0,0.0,44.96461868286133,51.21697616577149,157.08963012695312,397.8426208496094,1.2518129348754885,0.9587286114692688,60.1009407043457,61.69881820678711,1.7424083948135376,1.7478944063186646,0.0,26.17119598388672,30.84706115722656,50.60154342651367,0.0,439.2288208007813,2947262.5,301675.78125,-4.8721184730529785,-1.9784263372421265,0.7885918021202087,2.4677157402038574,-6.149999618530273,0.001251901150681,0.4947715997695923,3.070448637008667,0.0439999997615814,1.0814743041992188,1.0800145864486694,1.0805011987686155,65.43528747558594,65.64032745361328,0.0,1.7670055967755616e-05,0.0,0.0026645276229828,279.8337097167969,0.0,279.3628234863281,279.5679016113281,50.0,50.0,288.2068176269531,288.2068176269531,288.2027587890625,280.3642272949219,280.1591796875,1003.2473754882812,284.021484375,68.51521301269531,345.79949951171875,50.0,-2.957019205496181e-06,291.4407958984375,140.5594024658203,0.0,0.0,1700.0,61.05825424194336,0.0,0.0,0.0,61.05825424194336,0.0,0.0,0.0,17861.43359375,35674.65234375,0.0,0.0,0.0,62.13301467895508,78.43242645263672,0.0,0.0,0.0
1540.0,0.0,142.1925811767578,0.0002331227442482,1.212658935401123e-05,0.0,0.0,0.0,1225.071044921875,0.0,2578.062255859375,13.028122901916504,13.586339950561523,7.924896240234375,66.84751892089844,0.8504546880722046,58506.12890625,0.0,0.0,0.0,0.0,44.74375915527344,51.071834564208984,157.07122802734375,399.1925659179687,1.2518129348754885,0.9587286114692688,60.05021286010742,61.644962310791016,1.738366723060608,1.7436319589614868,0.0,26.154504776000977,30.810640335083008,50.478145599365234,0.0,439.23919677734375,2970446.25,303973.25,-4.88242244720459,-1.9919257164001465,0.7887166738510132,2.4707860946655273,-6.149999618530273,0.0012544912751764,0.5003089904785156,3.1033780574798584,0.0439999997615814,1.0814743041992188,1.080378532409668,1.0807437896728516,65.48777770996094,65.69278717041016,0.0,1.7704740457702428e-05,0.0,0.0026854707393795,279.773193359375,0.0,279.3038024902344,279.5088195800781,50.0,50.0,288.12750244140625,288.12750244140625,288.1236267089844,280.30377197265625,280.0987548828125,998.3516845703124,283.9523620605469,68.51521301269531,345.7915344238281,50.0,-5.0577496040205006e-06,291.5718994140625,140.43826293945312,0.0,0.0,1700.0,61.070953369140625,0.0,0.0,0.0,61.070953369140625,0.0,0.0,0.0,17861.43359375,35686.671875,0.0,0.0,0.0,62.0890007019043,78.35533142089844,0.0,0.0,0.0
1550.0,0.0,142.51673889160156,0.0002345666434848,1.2141140359744895e-05,0.0,0.0,0.0,1224.7596435546875,0.0,2577.94921875,13.009401321411133,13.57404613494873,7.924896240234375,67.17559814453125,0.8564562797546387,58896.05859375,0.0,0.0,0.0,0.0,44.52303314208984,50.92679977416992,157.11770629882812,400.54107666015625,1.2518129348754885,0.9587286114692688,59.99918365478515,61.59080123901367,1.7343670129776,1.7397093772888184,0.0,26.129364013671875,30.75697898864746,50.36458587646485,0.0,439.24957275390625,2993628.0,306268.4375,-4.892782211303711,-2.005410671234131,0.7888416647911072,2.4737865924835205,-6.149999618530273,0.0012571027036756,0.5058695673942566,3.136382579803467,0.0439999997615814,1.0814743041992188,1.080378532409668,1.0807437896728516,65.56800079345703,65.77301025390625,0.0,1.7739685063133948e-05,0.0,0.002706385217607,279.71392822265625,0.0,279.244384765625,279.4494323730469,50.0,50.0,288.04815673828125,288.04815673828125,288.04425048828125,280.24298095703125,280.0379943847656,993.4560546875,283.8824462890625,68.51521301269531,345.8110046386719,50.0,-4.918447302770801e-06,291.7023010253906,140.31643676757812,0.0,0.0,1700.0,61.03996276855469,0.0,0.0,0.0,61.03996276855469,0.0,0.0,0.0,17861.43359375,35686.671875,0.0,0.0,0.0,62.044490814208984,78.27806091308594,0.0,0.0,0.0
1560.0,0.0,142.82809448242188,0.0002360183716518,1.215572137880372e-05,0.0,0.0,0.0,1224.4437255859375,0.0,2577.98681640625,12.990692138671877,13.561758995056152,7.924896240234375,67.51951599121094,0.8624572157859802,59285.6484375,0.0,0.0,0.0,0.0,44.30247116088867,50.781829833984375,157.09950256347656,401.88812255859375,1.2518129348754885,0.9587286114692688,59.947906494140625,61.5363655090332,1.7304089069366455,1.7359000444412231,0.0,26.10379981994629,30.702049255371097,50.25430679321289,0.0,439.2599487304687,3016807.0,308561.46875,-4.9030656814575195,-2.01888108253479,0.7889664173126221,2.47684907913208,-6.149999618530273,0.00125973590184,0.5114536881446838,3.1694600582122803,0.0439999997615814,1.0814743041992188,1.080378532409668,1.0807437896728516,65.62248992919922,65.82746887207031,0.0,1.7774886146071367e-05,0.0,0.0027272722218185,279.6532897949219,0.0,279.1847839355469,279.38970947265625,50.0,50.0,287.968994140625,287.968994140625,287.9649353027344,280.1820373535156,279.97705078125,988.5603637695312,283.8124084472656,68.51521301269531,345.8045349121094,50.0,2.2556300791620743e-06,291.8389892578125,140.19400024414062,0.0,0.0,1700.0,61.05025100708008,0.0,0.0,0.0,61.05025100708008,0.0,0.0,0.0,17861.43359375,35686.671875,0.0,0.0,0.0,62.00016403198242,78.19998168945312,0.0,0.0,0.0
1570.0,0.0,143.1990509033203,0.0002374777686782,1.2170335139671806e-05,0.0,0.0,0.0,1224.1226806640625,0.0,2578.045166015625,12.97199535369873,13.549484252929688,7.924896240234375,67.84475708007812,0.8684586882591248,59674.89453125,0.0,0.0,0.0,0.0,44.08204650878906,50.63700866699219,157.07693481445312,403.233642578125,1.2518129348754885,0.9587286114692688,59.89638137817383,61.48165512084961,1.7264912128448486,1.7317579984664917,0.0,26.08710670471191,30.66562843322754,50.134395599365234,0.0,439.2703247070313,3039983.75,310852.375,-4.913299083709717,-2.032336473464966,0.7890917658805847,2.479945659637451,-6.149999618530273,0.0012623907532542,0.5170609951019287,3.2026095390319824,0.0439999997615814,1.0814743041992188,1.0807424783706665,1.080986499786377,65.6737289428711,65.87870788574219,0.0,1.7810347344493493e-05,0.0,0.0027481303550302,279.59185791015625,0.0,279.1248779296875,279.329833984375,50.0,50.0,287.8893737792969,287.8893737792969,287.8854675292969,280.1207275390625,279.9157409667969,983.6646728515624,283.74267578125,68.51521301269531,345.7944641113281,50.0,4.512188297667308e-06,291.9682922363281,140.07095336914062,0.0,0.0,1700.0,61.066287994384766,0.0,0.0,0.0,61.066287994384766,0.0,0.0,0.0,17861.43359375,35698.6953125,0.0,0.0,0.0,61.955814361572266,78.12129974365234,0.0,0.0,0.0
1580.0,0.0,143.51181030273438,0.0002389448636677,1.218498255184386e-05,0.0,0.0,0.0,1223.8067626953125,0.0,2577.943603515625,12.953312873840332,13.537219047546388,7.924896240234375,68.16913604736328,0.8744605779647827,60063.80078125,0.0,0.0,0.0,0.0,43.86178207397461,50.4923095703125,157.05433654785156,404.5777282714844,1.2518129348754885,0.9587286114692688,59.844581604003906,61.42667388916016,1.7226135730743408,1.727962851524353,0.0,26.062389373779297,30.613231658935547,50.0245246887207,0.0,439.28070068359375,3063158.0,313141.0625,-4.9235944747924805,-2.0457773208618164,0.7892169952392578,2.4829654693603516,-6.149999618530273,0.001265067141503,0.522691547870636,3.2358312606811523,0.0439999997615814,1.0814743041992188,1.0807424783706665,1.080986499786377,65.75276947021484,65.95767974853516,0.0,1.7846061382442713e-05,0.0,0.0027689612470567,279.53179931640625,0.0,279.06475830078125,279.2696533203125,50.0,50.0,287.80987548828125,287.80987548828125,287.805908203125,280.0592041015625,279.85430908203125,978.76904296875,283.6722412109375,68.51521301269531,345.8119812011719,50.0,2.671232550710556e-06,292.09722900390625,139.947265625,0.0,0.0,1700.0,61.038387298583984,0.0,0.0,0.0,61.038387298583984,0.0,0.0,0.0,17861.43359375,35698.6953125,0.0,0.0,64.09923553466797,61.911041259765625,78.04243469238281,0.0,0.0,0.0
1590.0,0.0,143.85345458984375,0.000240419540205,1.2199657248856964e-05,0.0,0.0,0.0,1223.48583984375,0.0,2577.99169921875,12.934645652770996,13.52496337890625,7.924896240234375,68.50816345214844,0.8804624676704407,60452.3671875,0.0,0.0,0.0,0.0,43.64168548583984,50.34770584106445,157.09786987304688,405.9204406738281,1.2518129348754885,0.9587286114692688,59.79252243041992,61.371437072753906,1.7187750339508057,1.724273920059204,0.0,26.03682518005371,30.55779457092285,49.917728424072266,0.0,439.29107666015625,3086329.75,315427.625,-4.933811664581299,-2.059204339981079,0.7893421649932861,2.4860503673553467,-6.149999618530273,0.0012677650665864,0.5283452272415161,3.2691221237182617,0.0439999997615814,1.0814743041992188,1.0811065435409546,1.0812292098999023,65.80624389648438,66.01115417480469,0.0,1.788203553587664e-05,0.0,0.0027897614054381,279.4703369140625,0.0,279.0042724609375,279.2091979980469,50.0,50.0,287.7303771972656,287.7303771972656,287.726318359375,279.9974365234375,279.7925109863281,973.8733520507812,283.60162353515625,68.51521301269531,345.8036804199219,50.0,-3.701815785461804e-06,292.23199462890625,139.82298278808594,0.0,0.0,1700.0,61.05161666870117,0.0,0.0,0.0,61.05161666870117,0.0,0.0,0.0,17861.43359375,35710.71875,0.0,0.0,0.0,61.86539459228515,77.96380615234375,0.0,0.0,0.0
1600.0,0.0,144.18531799316406,0.0002419017837382,1.2214365597174036e-05,0.0,0.0,0.0,1223.160400390625,0.0,2578.061279296875,12.915992736816406,13.51271629333496,7.924896240234375,68.82933807373047,0.8864639401435852,60840.578125,0.0,0.0,0.0,0.0,43.42177200317383,50.20320510864258,157.07142639160156,407.2615966796875,1.2518129348754885,0.9587286114692688,59.740234375,61.31593704223633,1.7149747610092163,1.7202805280685425,0.0,26.02034568786621,30.521455764770508,49.802120208740234,0.0,439.3014526367187,3109498.75,317711.9375,-4.943981170654297,-2.0726161003112793,0.7894678115844727,2.4891669750213623,-6.149999618530273,0.0012704845285043,0.5340219736099243,3.302483081817627,0.0439999997615814,1.0814743041992188,1.0811065435409546,1.0812292098999023,65.85636138916016,66.06116485595703,0.0,1.791825889085885e-05,0.0,0.0028105333913117,279.4080810546875,0.0,278.943603515625,279.1484375,50.0,50.0,287.6506652832031,287.6506652832031,287.646728515625,279.9353332519531,279.73052978515625,968.9776611328124,283.53143310546875,68.51521301269531,345.7917175292969,50.0,4.253206043358659e-06,292.3596496582031,139.69810485839844,0.0,0.0,1700.0,61.0706672668457,0.0,0.0,0.0,61.0706672668457,0.0,0.0,0.0,17861.43359375,35710.71875,0.0,0.0,0.0,61.82020950317383,77.8841552734375,0.0,0.0,0.0
1610.0,0.0,144.53155517578125,0.0002433914341963,1.2229101230332162e-05,0.0,0.0,0.0,1222.8394775390625,0.0,2577.964111328125,12.897353172302246,13.50047779083252,7.924896240234375,69.14962005615234,0.8924663662910461,61228.4453125,0.0,0.0,0.0,0.0,43.20200729370117,50.058815002441406,157.11280822753906,408.60150146484375,1.2518129348754885,0.9587286114692688,59.68767547607422,61.26015853881836,1.7112125158309937,1.7165703773498535,0.0,25.995838165283203,30.468971252441406,49.6947135925293,0.0,439.3118286132813,3132665.0,319994.125,-4.954213619232178,-2.086014986038208,0.7895936965942383,2.4922075271606445,-6.149999618530273,0.0012732255272567,0.5397218465805054,3.3359124660491943,0.0439999997615814,1.0814743041992188,1.0814704895019531,1.0814718008041382,65.93547058105469,66.14030456542969,0.0,1.7954745999304578e-05,0.0,0.0028312769718468,279.3471984863281,0.0,278.88262939453125,279.08746337890625,50.0,50.0,287.57073974609375,287.57073974609375,287.5667724609375,279.8729553222656,279.6681213378906,964.08203125,283.4604187011719,68.51521301269531,345.80841064453125,50.0,3.5330767786945216e-06,292.4869689941406,139.57261657714844,0.0,0.0,1700.0,61.04404067993164,0.0,0.0,0.0,61.04404067993164,0.0,0.0,0.0,17861.43359375,35722.7421875,0.0,0.0,0.0,61.774688720703125,77.80421447753906,0.0,0.0,0.0
1620.0,0.0,144.82774353027344,0.000244888535235,1.2243869605299553e-05,0.0,0.0,0.0,1222.514404296875,0.0,2578.01708984375,12.8787260055542,13.48825454711914,7.924896240234375,69.48644256591797,0.8984686136245728,61615.96875,0.0,0.0,0.0,0.0,42.982383728027344,49.914588928222656,157.08851623535156,409.9398193359375,1.2518129348754885,0.9587286114692688,59.63489532470703,61.204158782958984,1.7074874639511108,1.7130372524261477,0.0,25.970483779907227,30.414039611816406,49.592430114746094,0.0,439.32220458984375,3155829.0,322274.15625,-4.96436882019043,-2.099398136138916,0.7897188663482666,2.4953103065490723,-6.149999618530273,0.0012759880628436,0.5454447269439697,3.3694095611572266,0.0439999997615814,1.0814743041992188,1.0814704895019531,1.0814718008041382,65.98876953125,66.19354248046875,0.0,1.7991484128287993e-05,0.0,0.0028519914485514,279.2849426269531,0.0,278.82147216796875,279.02630615234375,50.0,50.0,287.49127197265625,287.49127197265625,287.4871520996094,279.81048583984375,279.605712890625,959.1863403320312,283.389404296875,68.51521301269531,345.79925537109375,50.0,3.477044572264276e-07,292.620849609375,139.4466094970703,0.0,0.0,1700.0,61.05860900878906,0.0,0.0,0.0,61.05860900878906,0.0,0.0,0.0,17861.43359375,35722.7421875,0.0,0.0,0.0,61.72882461547851,77.72408294677734,0.0,0.0,0.0
1630.0,0.0,145.30592346191406,0.0002463929995428,1.2258667084097397e-05,0.0,0.0,0.0,1222.1947021484375,0.0,2577.900390625,12.860114097595217,13.476040840148926,7.924896240234375,69.80023193359375,0.904470145702362,62003.140625,0.0,0.0,0.0,0.0,42.76294708251953,49.770477294921875,157.06976318359375,411.2767028808594,1.2518129348754885,0.9587286114692688,59.58189392089844,61.14788055419922,1.703798770904541,1.7091429233551023,0.0,25.956148147583008,30.37803649902344,49.47968673706055,0.0,439.33258056640625,3178990.75,324552.0,-4.974549770355225,-2.112766981124878,0.789844810962677,2.4983725547790527,-6.149999618530273,0.0012787722516804,0.5511903762817383,3.402972936630249,0.0439999997615814,1.084206461906433,1.0818346738815308,1.0826252698898315,66.0722885131836,66.27638244628906,0.0,1.8028476915787905e-05,0.0,0.0028726768214255,279.2233581542969,0.0,278.7607116699219,278.96490478515625,50.0,50.0,287.4112243652344,287.4112243652344,287.40728759765625,279.7470703125,279.5429992675781,954.2906494140624,283.3186950683594,68.51521301269531,345.8193664550781,50.0,-3.804031621257309e-06,292.74560546875,139.3200225830078,0.0,0.0,1700.0,61.026615142822266,0.0,0.0,0.0,61.026615142822266,0.0,0.0,0.0,17906.556640625,35734.76953125,0.0,0.0,64.67778015136719,61.68352890014648,77.64282989501953,0.0,0.0,0.0
1640.0,0.0,145.61378479003906,0.0002479048271197,1.2273492757230995e-05,0.0,0.0,0.0,1221.8663330078125,0.0,2577.97998046875,12.841516494750977,13.46383571624756,7.924896240234375,70.12869262695312,0.9104720950126648,62389.953125,0.0,0.0,0.0,0.0,42.54368209838867,49.62645721435547,157.10244750976562,412.6122131347656,1.2518129348754885,0.9587286114692688,59.528682708740234,61.09136962890625,1.700145959854126,1.7055602073669434,0.0,25.933116912841797,30.328598022460938,49.37596893310547,0.0,439.3429565429687,3202150.0,326827.75,-4.984663009643555,-2.126122236251831,0.7899706363677979,2.501488447189331,-6.149999618530273,0.0012815773952752,0.5569590330123901,3.436604261398315,0.0439999997615814,1.084206461906433,1.0818346738815308,1.0826252698898315,66.12199401855469,66.3255844116211,0.0,1.806572436180431e-05,0.0,0.0028933356516063,279.16058349609375,0.0,278.6995544433594,278.9031677246094,50.0,50.0,287.3314208984375,287.3314208984375,287.3274230957031,279.68365478515625,279.48004150390625,949.39501953125,283.2474365234375,68.51521301269531,345.8056335449219,50.0,1.3804283298668452e-06,292.87615966796875,139.19296264648438,0.0,0.0,1700.0,61.04846954345703,0.0,0.0,0.0,61.04846954345703,0.0,0.0,0.0,17906.556640625,35734.76953125,0.0,0.0,0.0,61.638797760009766,77.56053924560547,0.0,0.0,0.0
1650.0,0.0,145.96408081054688,0.0002494239015504,1.2288347534195054e-05,0.0,0.0,0.0,1221.5341796875,0.0,2578.041259765625,12.822932243347168,13.451642036437988,7.924896240234375,70.44882202148438,0.9164746403694152,62776.41796875,0.0,0.0,0.0,0.0,42.3245735168457,49.482574462890625,157.07960510253906,413.9462890625,1.2518129348754885,0.9587286114692688,59.475250244140625,61.034637451171875,1.6965283155441284,1.7018146514892578,0.0,25.91515731811523,30.289634704589844,49.26753234863281,0.0,439.3533325195313,3225306.25,329101.28125,-4.9947404861450195,-2.139462947845459,0.7900965809822083,2.5046255588531494,-6.149999618530273,0.0012844044249504,0.5627503991127014,3.470299482345581,0.0439999997615814,1.084206461906433,1.082198977470398,1.082868218421936,66.1748275756836,66.37834167480469,0.0,1.8103224647347815e-05,0.0,0.0029139639809727,279.0971984863281,0.0,278.6376953125,278.84124755859375,50.0,50.0,287.25140380859375,287.25140380859375,287.24749755859375,279.6203308105469,279.41680908203125,944.4993286132812,283.1764221191406,68.51521301269531,345.795166015625,50.0,-1.357764062959177e-06,293.00341796875,139.06536865234375,0.0,0.0,1700.0,61.065181732177734,0.0,0.0,0.0,61.065181732177734,0.0,0.0,0.0,17906.556640625,35746.8046875,0.0,0.0,0.0,61.59347915649414,77.478271484375,0.0,0.0,0.0
1660.0,0.0,146.26602172851562,0.0002509501064196,1.230323232448427e-05,0.0,0.0,0.0,1221.20556640625,0.0,2577.94677734375,12.804363250732422,13.439461708068848,7.924896240234375,70.76664733886719,0.9224762320518494,63162.5234375,0.0,0.0,0.0,0.0,42.1055908203125,49.338863372802734,157.11859130859375,415.2789306640625,1.2518129348754885,0.9587286114692688,59.42158126831055,60.97789764404297,1.69294536113739,1.6983381509780884,0.0,25.89064598083496,30.27991485595703,49.16688919067383,0.0,439.36370849609375,3248460.75,331372.6875,-5.004870891571045,-2.152789354324341,0.7902227640151978,2.507695198059082,-6.149999618530273,0.0012872709194198,0.5685647130012512,3.504058599472046,0.0439999997615814,1.084206461906433,1.082198977470398,1.082868218421936,66.25450897216797,66.45779418945312,0.0,1.8140981410397217e-05,0.0,0.00293456367217,279.0350341796875,0.0,278.57562255859375,278.77886962890625,50.0,50.0,287.17132568359375,287.17132568359375,287.1673278808594,279.5568542480469,279.35357666015625,939.6036376953124,283.10467529296875,68.51521301269531,345.8113708496094,50.0,5.084521035314538e-06,293.1297302246094,138.93719482421875,0.0,0.0,1700.0,61.03937911987305,0.0,0.0,0.0,61.03937911987305,0.0,0.0,0.0,17906.556640625,35746.8046875,0.0,0.0,0.0,61.542457580566406,77.40116882324219,0.0,0.0,0.0
1670.0,0.0,146.5830535888672,0.0002524835581425,1.2318142580625135e-05,0.0,0.0,0.0,1220.8714599609375,0.0,2578.02197265625,12.785813331604004,13.427302360534668,7.924896240234375,71.095703125,0.9284787774086,63548.28125,0.0,0.0,0.0,0.0,41.88672637939453,49.19546127319336,157.08694458007812,416.6100158691406,1.2518129348754885,0.9587286114692688,59.367767333984375,60.921363830566406,1.6893965005874634,1.6950032711029053,0.0,25.86212158203125,30.26081085205078,49.070343017578125,0.0,439.37408447265625,3271612.25,333641.96875,-5.01490592956543,-2.166100025177002,0.790349006652832,2.5108447074890137,-6.149999618530273,0.0012902147136628,0.574401319026947,3.5378825664520264,0.0439999997615814,1.084206461906433,1.0825636386871338,1.08311128616333,66.30551147460938,66.50838470458984,0.0,1.817899465095252e-05,0.0,0.0029551363550126,278.97113037109375,0.0,278.5130310058594,278.7158508300781,50.0,50.0,287.09112548828125,287.09112548828125,287.0870056152344,279.4929504394531,279.2900695800781,934.7080078125,283.0324401855469,68.51521301269531,345.7984619140625,50.0,-4.817706212634221e-06,293.26055908203125,138.80870056152344,0.0,0.0,1700.0,61.05990982055664,0.0,0.0,0.0,61.05990982055664,0.0,0.0,0.0,17906.556640625,35758.84765625,0.0,0.0,0.0,61.4822998046875,77.33283233642578,0.0,0.0,0.0
1680.0,0.0,146.90402221679688,0.0002540242858231,1.2333085578575265e-05,0.0,0.0,0.0,1220.5360107421875,0.0,2577.90478515625,12.76728343963623,13.415154457092283,7.924896240234375,71.40847778320312,0.9344813227653505,63933.67578125,0.0,0.0,0.0,0.0,41.66805648803711,49.052207946777344,157.06459045410156,417.9396667480469,1.2518129348754885,0.9587286114692688,59.3138313293457,60.864891052246094,1.6858811378479004,1.6912789344787598,0.0,25.842683792114254,30.257007598876953,48.9625244140625,0.0,439.3844604492187,3294761.25,335909.125,-5.024966716766357,-2.179396629333496,0.7904762029647827,2.51395320892334,-6.149999618530273,0.001293180626817,0.5802608728408813,3.571775436401367,0.0439999997615814,1.084206461906433,1.0825636386871338,1.08311128616333,66.3901138305664,66.59257507324219,0.0,1.8217260731034912e-05,0.0,0.0029756841249763,278.90789794921875,0.0,278.4501647949219,278.6526184082031,50.0,50.0,287.0104064941406,287.0104064941406,287.00640869140625,279.4285888671875,279.2261047363281,929.8123168945312,282.96063232421875,68.51521301269531,345.8186950683594,50.0,-4.649959009839222e-06,293.3848876953125,138.67990112304688,0.0,0.0,1700.0,61.02774429321289,0.0,0.0,0.0,61.02774429321289,0.0,0.0,0.0,17906.556640625,35758.84765625,0.0,0.0,64.62248992919922,61.41716766357422,77.2691650390625,0.0,0.0,0.0
1690.0,0.0,147.22462463378906,0.0002555722021497,1.234805768035585e-05,0.0,0.0,0.0,1220.19775390625,0.0,2577.99072265625,12.748775482177734,13.4030179977417,7.924896240234375,71.73284912109375,0.9404828548431396,64318.7109375,0.0,0.0,0.0,0.0,41.44960021972656,48.90910720825195,157.0981903076172,419.2679748535156,1.2518129348754885,0.9587286114692688,59.259769439697266,60.80839920043945,1.6823986768722534,1.6879935264587402,0.0,25.81035423278809,30.22691535949707,48.86741256713867,0.0,439.3948364257813,3317908.25,338174.0625,-5.034948348999023,-2.1926796436309814,0.7906034588813782,2.517127990722656,-6.149999618530273,0.0012965038185939,0.5861429572105408,3.6057345867156982,0.0439999997615814,1.084206461906433,1.08292818069458,1.0833542346954346,66.44026184082031,66.64225769042969,0.0,1.825579602154903e-05,0.0,0.0029962076805531,278.8431396484375,0.0,278.3867492675781,278.58880615234375,50.0,50.0,286.9295959472656,286.9295959472656,286.92547607421875,279.36358642578125,279.1615905761719,924.9173583984376,282.8877258300781,68.51521301269531,345.8038330078125,50.0,2.7997364213661058e-06,293.5137939453125,138.55079650878906,0.0,0.0,1700.0,61.05136489868164,0.0,0.0,0.0,61.05136489868164,0.0,0.0,0.0,17906.556640625,35770.890625,0.0,0.0,0.0,61.34895706176758,77.20829772949219,0.0,0.0,0.0
1700.0,0.0,147.5386199951172,0.0002571271616034,1.2363058885966892e-05,0.0,0.0,0.0,1219.8580322265625,0.0,2577.891357421875,12.730292320251465,13.390894889831545,7.924896240234375,72.03890991210938,0.94648540019989,64703.375,0.0,0.0,0.0,0.0,41.231422424316406,48.76617813110352,157.07081604003906,420.59478759765625,1.2518129348754885,0.9587286114692688,59.20557403564453,60.7518424987793,1.6789485216140747,1.6843754053115845,0.0,25.786901473999023,30.21212577819824,48.76266860961914,0.0,439.40521240234375,3341052.5,340436.8125,-5.04495096206665,-2.2059478759765625,0.7907313108444214,2.5202651023864746,-6.149999618530273,0.0012998557649552,0.5920475125312805,3.6397581100463863,0.0439999997615814,1.084206461906433,1.08292818069458,1.0833542346954346,66.52259063720703,66.7242431640625,0.0,1.829458778956905e-05,0.0,0.0030167046934366,278.7790222167969,0.0,278.3231201171875,278.52484130859375,50.0,50.0,286.8484191894531,286.8484191894531,286.84442138671875,279.2983703613281,279.0967102050781,920.0227661132812,282.815185546875,68.51521301269531,345.8209533691406,50.0,-2.346808287256863e-06,293.6354675292969,138.42137145996094,0.0,0.0,1700.0,61.02410507202149,0.0,0.0,0.0,61.02410507202149,0.0,0.0,0.0,17906.556640625,35770.890625,0.0,0.0,64.80117797851562,61.278785705566406,77.14905548095703,0.0,0.0,0.0
1710.0,0.0,147.83213806152344,0.0002586892223916,1.2378089195408393e-05,0.0,0.0,0.0,1219.5157470703125,0.0,2577.999267578125,12.711830139160156,13.378777503967283,7.924896240234375,72.35569763183594,0.9524878859519958,65087.69921875,0.0,0.0,0.0,0.0,41.013484954833984,48.62330627441406,157.09609985351562,421.9201965332031,1.2518129348754885,0.9587286114692688,59.151241302490234,60.695167541503906,1.675530195236206,1.681054711341858,0.0,25.754785537719727,30.18085479736328,48.666534423828125,0.0,439.41558837890625,3364194.0,342697.53125,-5.054881572723389,-2.219202041625977,0.7908592224121094,2.523461103439331,-6.149999618530273,0.0013032346032559,0.5979744791984558,3.6738452911376953,0.0439999997615814,1.084206461906433,1.08292818069458,1.0833542346954346,66.56965637207031,66.77093505859375,0.0,1.8333628759137355e-05,0.0,0.0030371763277798,278.71356201171875,0.0,278.2591247558594,278.4604187011719,50.0,50.0,286.7671813964844,286.7671813964844,286.76312255859375,279.23272705078125,279.03143310546875,915.1282348632812,282.7419128417969,68.51521301269531,345.8023986816406,50.0,-5.453328412841074e-06,293.76141357421875,138.2916259765625,0.0,0.0,1700.0,61.053672790527344,0.0,0.0,0.0,61.053672790527344,0.0,0.0,0.0,17906.556640625,35770.890625,0.0,0.0,0.0,61.20782852172851,77.0903091430664,0.0,0.0,0.0
1720.0,0.0,148.16741943359375,0.0002602581807877,1.2393146789690944e-05,0.0,0.0,0.0,1219.1697998046875,0.0,2578.08251953125,12.693391799926758,13.366674423217772,7.924896240234375,72.667724609375,0.9584895968437196,65471.64453125,0.0,0.0,0.0,0.0,40.79581069946289,48.480613708496094,157.064208984375,423.24407958984375,1.2518129348754885,0.9587286114692688,59.09678268432617,60.63838195800781,1.6721433401107788,1.677585244178772,0.0,25.728796005249023,30.160903930664062,48.56609344482422,0.0,439.4259643554687,3387333.5,344956.0625,-5.064783096313477,-2.232440710067749,0.7909870743751526,2.526670455932617,-6.149999618530273,0.0013066396350041,0.6039237380027771,3.707993984222412,0.0439999997615814,1.084206461906433,1.083293080329895,1.0835975408554075,66.62102508544922,66.82200622558594,0.0,1.837292620621156e-05,0.0,0.0030576204881072,278.64764404296875,0.0,278.19500732421875,278.3959045410156,50.0,50.0,286.6860046386719,286.6860046386719,286.6819763183594,279.1669921875,278.96600341796875,910.233642578125,282.66900634765625,68.51521301269531,345.7879943847656,50.0,-2.652017428772524e-06,293.88543701171875,138.16156005859375,0.0,0.0,1700.0,61.076541900634766,0.0,0.0,0.0,61.076541900634766,0.0,0.0,0.0,17906.556640625,35782.94140625,0.0,0.0,0.0,61.13603210449219,77.03203582763672,0.0,0.0,0.0
1730.0,0.0,148.4597625732422,0.0002618340658955,1.2408231668814553e-05,0.0,0.0,0.0,1218.82861328125,0.0,2577.990966796875,12.67497730255127,13.354576110839844,7.924896240234375,72.98358917236328,0.9644919037818908,65855.2421875,0.0,0.0,0.0,0.0,40.57842254638672,48.33797836303711,157.098876953125,424.5666198730469,1.2518129348754885,0.9587286114692688,59.04215621948242,60.58142852783203,1.668787121772766,1.674314022064209,0.0,25.69562339782715,30.12667465209961,48.47138977050781,0.0,439.4363403320313,3410470.25,347212.5625,-5.0747456550598145,-2.245666265487671,0.7911154627799988,2.5298049449920654,-6.149999618530273,0.0013100709766149,0.6098955273628235,3.742203712463379,0.0439999997615814,1.084206461906433,1.083293080329895,1.0835975408554075,66.70294952392578,66.90351867675781,0.0,1.841247285483405e-05,0.0,0.003078038804233,278.5830993652344,0.0,278.13055419921875,278.33111572265625,50.0,50.0,286.6044921875,286.6044921875,286.60040283203125,279.1008605957031,278.9002990722656,905.339111328125,282.5953674316406,68.51521301269531,345.8038024902344,50.0,1.8587959402793783e-06,294.010986328125,138.0311279296875,0.0,0.0,1700.0,61.0514030456543,0.0,0.0,0.0,61.0514030456543,0.0,0.0,0.0,17906.556640625,35782.94140625,0.0,0.0,0.0,61.06404876708984,76.97361755371094,0.0,0.0,0.0
1740.0,0.0,148.79315185546875,0.0002634167030919,1.2423341104295105e-05,0.0,0.0,0.0,1218.479736328125,0.0,2578.079833984375,12.656585693359377,13.342489242553713,7.924896240234375,73.2919692993164,0.9704944491386414,66238.46875,0.0,0.0,0.0,0.0,40.36128234863281,48.19548034667969,157.06539916992188,425.8876953125,1.2518129348754885,0.9587286114692688,58.98737335205078,60.52434158325195,1.6654614210128784,1.6708941459655762,0.0,25.668365478515625,30.1046085357666,48.37238693237305,0.0,439.44671630859375,3433604.75,349466.78125,-5.084609031677246,-2.2588770389556885,0.7912437915802002,2.5330235958099365,-6.149999618530273,0.0013135286280885,0.6158895492553711,3.776473045349121,0.0439999997615814,1.084206461906433,1.0836580991744995,1.0838409662246704,66.75401306152344,66.95420837402344,0.0,1.8452266886015423e-05,0.0,0.0030984277836978,278.5166931152344,0.0,278.06591796875,278.26611328125,50.0,50.0,286.5230407714844,286.5230407714844,286.51904296875,279.03448486328125,278.83428955078125,900.4445190429688,282.5220947265625,68.51521301269531,345.78851318359375,50.0,2.5565290684426145e-07,294.133544921875,137.90028381347656,0.0,0.0,1700.0,61.07574462890625,0.0,0.0,0.0,61.07574462890625,0.0,0.0,0.0,17906.556640625,35795.00390625,0.0,0.0,0.0,60.991153717041016,76.91568756103516,0.0,0.0,0.0
1750.0,0.0,149.08016967773438,0.0002650061505846,1.2438477824616712e-05,0.0,0.0,0.0,1218.135986328125,0.0,2577.992431640625,12.638216972351074,13.330410957336426,7.924896240234375,73.60606384277344,0.9764965772628784,66621.328125,0.0,0.0,0.0,0.0,40.1444206237793,48.05307388305664,157.09841918945312,427.2073974609375,1.2518129348754885,0.9587286114692688,58.93243789672851,60.46708297729492,1.6621655225753784,1.6677080392837524,0.0,25.6347713470459,30.06911277770996,48.280147552490234,0.0,439.45709228515625,3456736.75,351719.03125,-5.094539165496826,-2.272073984146118,0.7913722395896912,2.5361623764038086,-6.149999618530273,0.0013170124730095,0.6219058036804199,3.810800552368164,0.0439999997615814,1.084206461906433,1.0836580991744995,1.0838409662246704,66.83556365966797,67.03535461425781,0.0,1.8492311937734485e-05,0.0,0.0031187904532998,278.4517517089844,0.0,278.0010986328125,278.200927734375,50.0,50.0,286.4414978027344,286.4414978027344,286.4373779296875,278.968017578125,278.7682189941406,895.5499877929688,282.4481506347656,68.51521301269531,345.8035583496094,50.0,1.4004318416027672e-07,294.2584228515625,137.7691192626953,0.0,0.0,1700.0,61.05180358886719,0.0,0.0,0.0,61.05180358886719,0.0,0.0,0.0,17906.556640625,35795.00390625,0.0,0.0,0.0,60.91851043701172,76.857177734375,0.0,0.0,0.0
1760.0,0.0,149.41152954101562,0.0002666022337507,1.2453637282305864e-05,0.0,0.0,0.0,1217.7845458984375,0.0,2578.087158203125,12.619872093200684,13.318340301513672,7.924896240234375,73.91146087646484,0.9824984073638916,67003.8359375,0.0,0.0,0.0,0.0,39.92783737182617,47.9107666015625,157.06298828125,428.525634765625,1.2518129348754885,0.9587286114692688,58.87733840942383,60.409671783447266,1.6588987112045288,1.6643376350402832,0.0,25.607091903686523,30.046201705932617,48.18257522583008,0.0,439.4674682617187,3479866.0,353969.09375,-5.104368686676025,-2.2852563858032227,0.7915007472038269,2.539386510848999,-6.149999618530273,0.0013205230934545,0.6279442310333252,3.845184087753296,0.0439999997615814,1.084206461906433,1.084023118019104,1.0840842723846436,66.88609313964844,67.08554077148438,0.0,1.8532613466959447e-05,0.0,0.0031391233205795,278.3848876953125,0.0,277.9360046386719,278.13543701171875,50.0,50.0,286.35986328125,286.35986328125,286.3558349609375,278.90118408203125,278.70172119140625,890.6553955078125,282.3746032714844,68.51521301269531,345.7872619628906,50.0,-2.194973518498955e-07,294.3797912597656,137.6375274658203,0.0,0.0,1700.0,61.07771682739258,0.0,0.0,0.0,61.07771682739258,0.0,0.0,0.0,17906.556640625,35807.05859375,0.0,0.0,0.0,60.845062255859375,76.79905700683594,0.0,0.0,0.0
1770.0,0.0,149.69505310058594,0.0002682049234863,1.246882584382547e-05,0.0,0.0,0.0,1217.438232421875,0.0,2578.00244140625,12.601551055908203,13.306280136108398,7.924896240234375,74.22325897216797,0.988500952720642,67385.9609375,0.0,0.0,0.0,0.0,39.71152877807617,47.76858139038086,157.09510803222656,429.8424987792969,1.2518129348754885,0.9587286114692688,58.82206726074219,60.352081298828125,1.6556612253189087,1.6612151861190796,0.0,25.57328414916992,30.010705947875977,48.09217834472656,0.0,439.4778442382813,3502993.0,356217.03125,-5.1142659187316895,-2.2984249591827393,0.7916293740272522,2.542529582977295,-6.149999618530273,0.0013240600237622,0.6340048313140869,3.879623889923096,0.0439999997615814,1.084206461906433,1.084023118019104,1.0840842723846436,66.96757507324219,67.16661071777344,0.0,1.8573160559753887e-05,0.0,0.00315942754969,278.3195495605469,0.0,277.8708190917969,278.06982421875,50.0,50.0,286.2782287597656,286.2782287597656,286.27410888671875,278.834228515625,278.63519287109375,885.7608032226562,282.3004150390625,68.51521301269531,345.80181884765625,50.0,-4.452811879218644e-07,294.5037536621094,137.50555419921875,0.0,0.0,1700.0,61.054561614990234,0.0,0.0,0.0,61.054561614990234,0.0,0.0,0.0,17906.556640625,35807.05859375,0.0,0.0,0.0,60.77161407470703,76.74056243896484,0.0,0.0,0.0
1780.0,0.0,150.02325439453125,0.0002698142197914,1.248403532372322e-05,0.0,0.0,0.0,1217.0889892578125,0.0,2577.89306640625,12.583252906799316,13.294225692749023,7.924896240234375,74.53025817871094,0.9945030808448792,67767.7421875,0.0,0.0,0.0,0.0,39.495487213134766,47.62644958496094,157.0680694580078,431.15777587890625,1.2518129348754885,0.9587286114692688,58.76667404174805,60.29435729980469,1.652451753616333,1.657915711402893,0.0,25.545604705810547,29.98779296875,47.99665832519531,0.0,439.48822021484375,3526117.5,358462.875,-5.124138355255127,-2.311577796936035,0.7917579412460327,2.5456809997558594,-6.149999618530273,0.0013276229146867,0.6400874853134155,3.91411805152893,0.0439999997615814,1.084206461906433,1.0843881368637085,1.0843275785446167,67.05335998535156,67.2520980834961,0.0,1.8613958673086017e-05,0.0,0.0031797043047845,278.25384521484375,0.0,277.8055419921875,278.0042724609375,50.0,50.0,286.19659423828125,286.19659423828125,286.19256591796875,278.767333984375,278.568603515625,880.8662719726562,282.2267150878906,68.51521301269531,345.8207092285156,50.0,-4.852802248933585e-07,294.62579345703125,137.37326049804688,0.0,0.0,1700.0,61.0245475769043,0.0,0.0,0.0,61.0245475769043,0.0,0.0,0.0,17906.556640625,35819.1171875,0.0,0.0,64.77960205078125,60.697959899902344,76.68192291259766,0.0,0.0,0.0
1790.0,0.0,150.41751098632812,0.000271430122666,1.2499269359977916e-05,0.0,0.0,0.0,1216.742919921875,0.0,2578.000732421875,12.564979553222656,13.282185554504396,7.924896240234375,74.84614562988281,1.000504970550537,68149.1328125,0.0,0.0,0.0,0.0,39.279747009277344,47.48448944091797,157.09506225585938,432.4717102050781,1.2518129348754885,0.9587286114692688,58.71116256713867,60.23646545410156,1.6492705345153809,1.6549419164657593,0.0,25.51157569885254,29.9484920501709,47.91056823730469,0.0,439.49859619140625,3549240.0,360706.59375,-5.133939266204834,-2.324717283248902,0.7918863296508789,2.548891305923462,-6.149999618530273,0.0013312125811353,0.6461918950080872,3.9486701488494873,0.0439999997615814,1.0869461297988892,1.0843881368637085,1.0852408409118652,67.10303497314453,67.3004150390625,0.0,1.8655005987966433e-05,0.0,0.0031999538186937,278.1867980957031,0.0,277.7409362792969,277.9382629394531,50.0,50.0,286.11505126953125,286.11505126953125,286.11083984375,278.6990966796875,278.5017395019531,875.9716796875,282.1523132324219,68.51521301269531,345.8021545410156,50.0,-2.976299811052741e-06,294.7513427734375,137.24070739746094,0.0,0.0,1700.0,61.05403900146485,0.0,0.0,0.0,61.05403900146485,0.0,0.0,0.0,17951.806640625,35819.1171875,0.0,0.0,0.0,60.62537384033203,76.62196350097656,0.0,0.0,0.0
1800.0,0.0,150.75144958496094,0.0002730524283833,1.2514529771578964e-05,0.0,0.0,0.0,1216.3907470703125,0.0,2577.91357421875,12.54672908782959,13.270151138305664,7.924896240234375,75.14664459228516,1.0065075159072876,68530.1640625,0.0,0.0,0.0,0.0,39.06427001953125,47.34259796142578,157.058349609375,433.7842102050781,1.2518129348754885,0.9587286114692688,58.655494689941406,60.178443908691406,1.6461169719696045,1.6515998840332031,0.0,25.485584259033203,29.928958892822266,47.81381607055664,0.0,439.5089721679687,3572359.5,362948.1875,-5.143773555755615,-2.3378422260284424,0.7920153737068176,2.5520529747009277,-6.149999618530273,0.0013348286738619,0.6523184776306152,3.9832746982574463,0.0439999997615814,1.0869461297988892,1.0847535133361816,1.085484504699707,67.18560028076172,67.38243865966797,0.0,1.8696302504395135e-05,0.0,0.0032201749272644,278.1205749511719,0.0,277.6754455566406,277.8722839355469,50.0,50.0,286.0331726074219,286.0331726074219,286.02911376953125,278.6315612792969,278.4347229003906,871.0771484375,282.0783996582031,68.51521301269531,345.8171691894531,50.0,2.8427457436919212e-06,294.87078857421875,137.10775756835938,0.0,0.0,1700.0,61.030155181884766,0.0,0.0,0.0,61.030155181884766,0.0,0.0,0.0,17951.806640625,35831.18359375,0.0,0.0,64.50381469726562,60.55180740356445,76.5625991821289,0.0,0.0,0.0
1810.0,0.0,151.01890563964844,0.0002746811369433,1.2529809282568747e-05,0.0,0.0,0.0,1216.0362548828125,0.0,2578.037841796875,12.528504371643066,13.258127212524414,7.924896240234375,75.45575714111328,1.0125094652175903,68910.8203125,0.0,0.0,0.0,0.0,38.849090576171875,47.20083236694336,157.08184814453125,435.0953369140625,1.2518129348754885,0.9587286114692688,58.59964370727539,60.120235443115234,1.6429904699325562,1.6486968994140625,0.0,25.44860458374023,29.887969970703125,47.729774475097656,0.0,439.5193481445313,3595477.0,365187.6875,-5.153541088104248,-2.3509533405303955,0.7921440005302429,2.5552680492401123,-6.149999618530273,0.0013384708436205,0.6584668159484863,4.017930030822754,0.0439999997615814,1.0869461297988892,1.0847535133361816,1.085484504699707,67.23198699951172,67.42835235595703,0.0,1.873784276540391e-05,0.0,0.0032403653021901,278.05303955078125,0.0,277.6094970703125,277.80584716796875,50.0,50.0,285.9514465332031,285.9514465332031,285.9472351074219,278.5637512207031,278.36737060546875,866.1825561523438,282.003662109375,68.51521301269531,345.7957458496094,50.0,-3.6827791518589943e-06,294.9936828613281,136.97439575195312,0.0,0.0,1700.0,61.06423568725586,0.0,0.0,0.0,61.06423568725586,0.0,0.0,0.0,17951.806640625,35831.18359375,0.0,0.0,0.0,60.477996826171875,76.5030746459961,0.0,0.0,0.0
1820.0,0.0,151.35618591308594,0.0002763160737231,1.254511153092608e-05,0.0,0.0,0.0,1215.6820068359375,0.0,2577.9580078125,12.510302543640137,13.246111869812012,7.924896240234375,75.75287628173828,1.018511176109314,69291.109375,0.0,0.0,0.0,0.0,38.6341667175293,47.05915832519531,157.11524963378906,436.4049682617187,1.2518129348754885,0.9587286114692688,58.54363632202149,60.06188201904297,1.6398906707763672,1.645411491394043,0.0,25.423036575317383,29.869281768798828,47.63466262817383,0.0,439.52972412109375,3618591.75,367425.09375,-5.163348197937012,-2.3640496730804443,0.7922730445861816,2.5584285259246826,-6.149999618530273,0.001342139323242,0.6646371483802795,4.052635669708252,0.0439999997615814,1.0869461297988892,1.085119128227234,1.0857281684875488,67.31346893310547,67.5094985961914,0.0,1.8779634046950378e-05,0.0,0.0032605249434709,277.98651123046875,0.0,277.54345703125,277.7395324707031,50.0,50.0,285.8695068359375,285.8695068359375,285.8654479980469,278.49603271484375,278.3000183105469,861.2880249023438,281.9295959472656,68.51521301269531,345.80950927734375,50.0,-3.95410734199686e-06,295.1117858886719,136.84063720703125,0.0,0.0,1700.0,61.04236602783203,0.0,0.0,0.0,61.04236602783203,0.0,0.0,0.0,17951.806640625,35843.26171875,0.0,0.0,0.0,60.40361022949219,76.4437255859375,0.0,0.0,0.0
1830.0,0.0,151.645751953125,0.0002779573842417,1.2560439245135058e-05,0.0,0.0,0.0,1215.3236083984375,0.0,2578.053466796875,12.492122650146484,13.234105110168455,7.924896240234375,76.0565185546875,1.0245133638381958,69671.03125,0.0,0.0,0.0,0.0,38.41951370239258,46.917598724365234,157.0755615234375,437.7132568359375,1.2518129348754885,0.9587286114692688,58.48749542236328,60.00339126586914,1.6368173360824585,1.6422324180603027,0.0,25.39620018005371,29.848573684692383,47.54262924194336,0.0,439.54010009765625,3641703.75,369660.375,-5.173085689544678,-2.3771326541900635,0.7924017906188965,2.561645030975342,-6.149999618530273,0.0013458342291414,0.670829176902771,4.087391376495361,0.0439999997615814,1.0869461297988892,1.085119128227234,1.0857281684875488,67.36487579345703,67.56053161621094,0.0,1.882167271105573e-05,0.0,0.0032806561794131,277.91864013671875,0.0,277.477294921875,277.67291259765625,50.0,50.0,285.7878112792969,285.7878112792969,285.7838134765625,278.4281921386719,278.2325439453125,856.3934326171875,281.85546875,68.51521301269531,345.7930603027344,50.0,3.783808097068686e-06,295.2324523925781,136.70655822753906,0.0,0.0,1700.0,61.06852340698242,0.0,0.0,0.0,61.06852340698242,0.0,0.0,0.0,17951.806640625,35843.26171875,0.0,0.0,0.0,60.328948974609375,76.38432312011719,0.0,0.0,0.0
1840.0,0.0,151.9516143798828,0.0002796049520839,1.2575786058732774e-05,0.0,0.0,0.0,1214.969970703125,0.0,2577.980224609375,12.473970413208008,13.222110748291016,7.924896240234375,76.36264038085938,1.03051495552063,70050.578125,0.0,0.0,0.0,0.0,38.20517349243164,46.77617263793945,157.10330200195312,439.0201110839844,1.2518129348754885,0.9587286114692688,58.43120193481445,59.94474029541016,1.6337697505950928,1.639308214187622,0.0,25.361967086791992,29.812557220458984,47.45797348022461,0.0,439.5504760742187,3664814.0,371893.625,-5.182880878448486,-2.3902010917663574,0.7925307750701904,2.5647895336151123,-6.149999618530273,0.0013495554449036,0.6770430207252502,4.12219762802124,0.0439999997615814,1.0869461297988892,1.085484504699707,1.0859718322753906,67.44551086425781,67.64079284667969,0.0,1.886395511974115e-05,0.0,0.0033007594756782,277.85211181640625,0.0,277.41094970703125,277.60626220703125,50.0,50.0,285.7059020996094,285.7059020996094,285.7018127441406,278.3601379394531,278.16485595703125,851.4989013671875,281.7806091308594,68.51521301269531,345.8056335449219,50.0,-2.642523440954392e-06,295.3541564941406,136.5721435546875,0.0,0.0,1700.0,61.04850006103515,0.0,0.0,0.0,61.04850006103515,0.0,0.0,0.0,17951.806640625,35855.33203125,0.0,0.0,0.0,60.25433349609375,76.32455444335938,0.0,0.0,0.0
1850.0,0.0,152.23712158203125,0.0002812586026266,1.2591156519192737e-05,0.0,0.0,0.0,1214.608642578125,0.0,2578.097900390625,12.455839157104492,13.21012020111084,7.924896240234375,76.65663146972656,1.0365166664123535,70429.7421875,0.0,0.0,0.0,0.0,37.991092681884766,46.63479995727539,157.05941772460938,440.32562255859375,1.2518129348754885,0.9587286114692688,58.374778747558594,59.88595199584961,1.6307477951049805,1.636192798614502,0.0,25.334074020385746,29.789737701416016,47.36778259277344,0.0,439.5608520507813,3687921.5,374124.75,-5.192580699920654,-2.4032561779022217,0.7926598191261292,2.5680153369903564,-6.149999618530273,0.0013533099554479,0.6832784414291382,4.1570515632629395,0.0439999997615814,1.0869461297988892,1.085484504699707,1.0859718322753906,67.49349212646484,67.68840026855469,0.0,1.8906484910985455e-05,0.0,0.0033208318054676,277.78369140625,0.0,277.3443908691406,277.5392761230469,50.0,50.0,285.6239929199219,285.6239929199219,285.6199645996094,278.2918701171875,278.0969543457031,846.6043090820312,281.7061462402344,68.51521301269531,345.7853698730469,50.0,-2.5439030650886707e-06,295.47100830078125,136.43739318847656,0.0,0.0,1700.0,61.08073806762695,0.0,0.0,0.0,61.08073806762695,0.0,0.0,0.0,17951.806640625,35855.33203125,0.0,0.0,0.0,60.17950439453125,76.26463317871094,0.0,0.0,0.0
1860.0,0.0,152.52920532226562,0.0002829184522852,1.2606548807525542e-05,0.0,0.0,0.0,1214.25341796875,0.0,2578.0068359375,12.437734603881836,13.198144912719728,7.924896240234375,76.96935272216797,1.0425183773040771,70808.546875,0.0,0.0,0.0,0.0,37.77730941772461,46.49360275268555,157.0931396484375,441.629638671875,1.2518129348754885,0.9587286114692688,58.31821060180664,59.8270149230957,1.6277512311935425,1.6334455013275146,0.0,25.297941207885746,29.750341415405273,47.28824615478515,0.0,439.57122802734375,3711026.5,376353.75,-5.202355861663818,-2.4162964820861816,0.7927883863449097,2.5711517333984375,-6.149999618530273,0.001357210217975,0.6895355582237244,4.191953659057617,0.0439999997615814,1.0869461297988892,1.0858501195907593,1.0862154960632324,67.57697296142578,67.77171325683594,0.0,1.894927663670387e-05,0.0,0.0033408747985959,277.71697998046875,0.0,277.2774353027344,277.47216796875,50.0,50.0,285.5423278808594,285.5423278808594,285.53814697265625,278.2240905761719,278.02935791015625,841.709716796875,281.6310729980469,68.51521301269531,345.8010559082031,50.0,4.804039477335209e-08,295.5953063964844,136.30230712890625,0.0,0.0,1700.0,61.05575942993164,0.0,0.0,0.0,61.05575942993164,0.0,0.0,0.0,17951.806640625,35867.40625,0.0,0.0,0.0,60.104400634765625,76.20466613769531,0.0,0.0,0.0
1870.0,0.0,152.82150268554688,0.000284584268229,1.2621960195247084e-05,0.0,0.0,0.0,1213.8936767578125,0.0,2577.93408203125,12.41965389251709,13.186177253723145,7.924896240234375,77.26195526123047,1.0485199689865112,71186.9609375,0.0,0.0,0.0,0.0,37.56381607055664,46.35248947143555,157.0496063232422,442.93218994140625,1.2518129348754885,0.9587286114692688,58.261512756347656,59.76793670654297,1.624779224395752,1.630280613899231,0.0,25.272159576416016,29.731746673583984,47.196624755859375,0.0,439.58160400390625,3734128.75,378580.65625,-5.212093353271484,-2.4293220043182373,0.7929177284240723,2.574310302734375,-6.149999618530273,0.0013611378381028,0.6958143711090088,4.226903915405273,0.0439999997615814,1.0869461297988892,1.0858501195907593,1.0862154960632324,67.65709686279297,67.85179901123047,0.0,1.8992306650034152e-05,0.0,0.0033608889207243,277.649658203125,0.0,277.2098083496094,277.4044494628906,50.0,50.0,285.460205078125,285.460205078125,285.4561462402344,278.1564636230469,277.9617614746094,836.815185546875,281.5565185546875,68.51521301269531,345.8135681152344,50.0,5.653956236528757e-07,295.7116394042969,136.16690063476562,0.0,0.0,1700.0,61.035865783691406,0.0,0.0,0.0,61.035865783691406,0.0,0.0,0.0,17951.806640625,35867.40625,0.0,0.0,64.22330474853516,60.02945327758789,76.14422607421875,0.0,0.0,0.0
1880.0,0.0,153.14329528808594,0.0002862561377696,1.2637391591852063e-05,0.0,0.0,0.0,1213.529052734375,0.0,2578.041748046875,12.40159797668457,13.174217224121094,7.924896240234375,77.55879211425781,1.054521083831787,71565.0,0.0,0.0,0.0,0.0,37.35060119628906,46.21146774291992,157.07960510253906,444.2335205078125,1.2518129348754885,0.9587286114692688,58.20466995239258,59.70872497558594,1.6218317747116089,1.627236008644104,0.0,25.244478225708008,29.709251403808594,47.10848236083984,0.0,439.5919799804687,3757229.25,380805.5,-5.221754550933838,-2.442335367202759,0.7930469512939453,2.577533721923828,-6.149999618530273,0.0013650929322466,0.7021146416664124,4.261899471282959,0.0439999997615814,1.0869461297988892,1.086215853691101,1.086459398269653,67.70646667480469,67.90116882324219,0.0,1.903558768390212e-05,0.0,0.0033808727748692,277.58074951171875,0.0,277.141845703125,277.3365478515625,50.0,50.0,285.378173828125,285.378173828125,285.3741760253906,278.0885925292969,277.8938903808594,831.9205932617188,281.4817810058594,68.51521301269531,345.7950744628906,50.0,-3.088311189003435e-07,295.8296203613281,136.03114318847656,0.0,0.0,1700.0,61.06534194946289,0.0,0.0,0.0,61.06534194946289,0.0,0.0,0.0,17951.806640625,35879.48828125,0.0,0.0,0.0,59.95387268066406,76.08406066894531,0.0,0.0,0.0
1890.0,0.0,153.43824768066406,0.0002879339735955,1.2652842997340484e-05,0.0,0.0,0.0,1213.1693115234375,0.0,2577.984375,12.383566856384276,13.162270545959473,7.924896240234375,77.85961151123047,1.060522437095642,71942.671875,0.0,0.0,0.0,0.0,37.13767623901367,46.07059860229492,157.1021270751953,445.5333251953125,1.2518129348754885,0.9587286114692688,58.14767074584961,59.64933776855469,1.6189082860946655,1.6244816780090332,0.0,25.20813369750977,29.669851303100582,47.02874374389648,0.0,439.6023559570313,3780327.25,383028.25,-5.231469631195068,-2.4553332328796387,0.7931764125823975,2.5806870460510254,-6.149999618530273,0.0013690758496522,0.7084363102912903,4.296939849853516,0.0439999997615814,1.0869461297988892,1.0865817070007324,1.086703181266785,67.78449249267578,67.9791259765625,0.0,1.9079116100328974e-05,0.0,0.0034008263610303,277.5131530761719,0.0,277.07366943359375,277.2683410644531,50.0,50.0,285.2959899902344,285.2959899902344,285.2919006347656,278.0205078125,277.82586669921875,827.0260620117188,281.40618896484375,68.51521301269531,345.80499267578125,50.0,1.4000985402162769e-06,295.9491882324219,135.89503479003906,0.0,0.0,1700.0,61.04954147338867,0.0,0.0,0.0,61.04954147338867,0.0,0.0,0.0,17951.806640625,35891.5703125,0.0,0.0,0.0,59.87833786010742,76.02352142333984,0.0,0.0,0.0
1900.0,0.0,153.714111328125,0.0002896175719797,1.2668314411712345e-05,0.0,0.0,0.0,1212.8057861328125,0.0,2577.8994140625,12.365560531616213,13.150327682495115,7.924896240234375,78.1542739868164,1.0665234327316284,72319.9609375,0.0,0.0,0.0,0.0,36.925052642822266,45.92978286743164,157.0623779296875,446.8316650390625,1.2518129348754885,0.9587286114692688,58.09050750732422,59.589786529541016,1.6160086393356323,1.6215291023254397,0.0,25.178550720214844,29.643648147583008,46.943267822265625,0.0,439.61273193359375,3803422.5,385249.03125,-5.241159439086914,-2.4683167934417725,0.7933058738708496,2.5838513374328613,-6.149999618530273,0.0013730862410739,0.7147795557975769,4.332021236419678,0.0439999997615814,1.0869461297988892,1.0865817070007324,1.086703181266785,67.86726379394531,68.06196594238281,0.0,1.912288280436769e-05,0.0,0.0034207471180707,277.4451904296875,0.0,277.00537109375,277.2000732421875,50.0,50.0,285.2137756347656,285.2137756347656,285.2096862792969,277.9523010253906,277.7575988769531,822.1314697265625,281.3310241699219,68.51521301269531,345.819580078125,50.0,-2.1438759176817257e-06,296.0663146972656,135.75852966308594,0.0,0.0,1700.0,61.02630615234375,0.0,0.0,0.0,61.02630615234375,0.0,0.0,0.0,17951.806640625,35891.5703125,0.0,0.0,64.69329071044922,59.802757263183594,75.96260833740234,0.0,0.0,0.0
1910.0,0.0,154.00265502929688,0.0002913069038186,1.2683802196988836e-05,0.0,0.0,0.0,1212.43994140625,0.0,2578.043212890625,12.347577095031738,13.138399124145508,7.924896240234375,78.45280456542969,1.0725241899490356,72696.8671875,0.0,0.0,0.0,0.0,36.71269226074219,45.78913116455078,157.08106994628906,448.1287841796875,1.2518129348754885,0.9587286114692688,58.03316879272461,59.53006362915039,1.6131325960159302,1.6188597679138184,0.0,25.14114761352539,29.602134704589844,46.865989685058594,0.0,439.62310791015625,3826515.25,387467.53125,-5.2507853507995605,-2.481287956237793,0.7934355735778809,2.587066888809204,-6.149999618530273,0.0013771243393421,0.7211441993713379,4.367143630981445,0.0439999997615814,1.0869461297988892,1.086947679519653,1.0869472026824951,67.91104125976562,68.10574340820312,0.0,1.91669023479335e-05,0.0,0.0034406357444822,277.37591552734375,0.0,276.9366760253906,277.13134765625,50.0,50.0,285.1314392089844,285.1314392089844,285.127197265625,277.8837585449219,277.6890563964844,817.2369384765625,281.2550964355469,68.51521301269531,345.7947998046875,50.0,5.99288682678889e-07,296.18499755859375,135.6216278076172,0.0,0.0,1700.0,61.06574249267578,0.0,0.0,0.0,61.06574249267578,0.0,0.0,0.0,17951.806640625,35903.6640625,0.0,0.0,0.0,59.72649383544922,75.9019775390625,0.0,0.0,0.0
1920.0,0.0,154.29185485839844,0.000293001969112,1.2699308172159364e-05,0.0,0.0,0.0,1212.07373046875,0.0,2577.981201171875,12.329617500305176,13.12647819519043,7.924896240234375,78.74054718017578,1.078525424003601,73073.390625,0.0,0.0,0.0,0.0,36.5006103515625,45.648555755615234,157.1078643798828,449.42431640625,1.2518129348754885,0.9587286114692688,57.97569274902344,59.470184326171875,1.610279202461243,1.615850567817688,0.0,25.11388778686523,29.581005096435547,46.77887344360352,0.0,439.6334838867187,3849606.0,389684.15625,-5.260441303253174,-2.4942431449890137,0.7935653924942017,2.5902364253997803,-6.149999618530273,0.0013811896787956,0.7275302410125732,4.402307987213135,0.0439999997615814,1.0869461297988892,1.086947679519653,1.0869472026824951,67.99031829833984,68.18502044677734,0.0,1.921115836012177e-05,0.0,0.0034604938700795,277.30743408203125,0.0,276.8680419921875,277.062744140625,50.0,50.0,285.0489807128906,285.0489807128906,285.04486083984375,277.8152160644531,277.6205139160156,812.3423461914062,281.1798095703125,68.51521301269531,345.8055419921875,50.0,2.5822155294008553e-06,296.2993469238281,135.484375,0.0,0.0,1700.0,61.04866409301758,0.0,0.0,0.0,61.04866409301758,0.0,0.0,0.0,17951.806640625,35903.6640625,0.0,0.0,0.0,59.650577545166016,75.84065246582031,0.0,0.0,0.0
1930.0,0.0,154.72381591796875,0.0002947027387563,1.271483506570803e-05,0.0,0.0,0.0,1211.7083740234375,0.0,2578.1005859375,12.311684608459473,13.1145658493042,7.924896240234375,79.03296661376953,1.0845259428024292,73449.53125,0.0,0.0,0.0,0.0,36.28883743286133,45.508094787597656,157.05862426757812,450.718505859375,1.2518129348754885,0.9587286114692688,57.91807174682617,59.410152435302734,1.6074488162994385,1.6129546165466309,0.0,25.08700180053711,29.556396484375,46.695037841796875,0.0,439.6438598632813,3872694.25,391898.59375,-5.270018577575684,-2.5071849822998047,0.7936952114105225,2.593471050262451,-6.149999618530273,0.0013852827250957,0.7339374423027039,4.437510967254639,0.0439999997615814,1.0896910429000854,1.0873140096664429,1.088106393814087,68.03887176513672,68.23320007324219,0.0,1.9255661754868925e-05,0.0,0.0034803205635398,277.2373962402344,0.0,276.7994689941406,276.9937744140625,50.0,50.0,284.9665832519531,284.9665832519531,284.9624938964844,277.7460021972656,277.55169677734375,807.4478149414062,281.1043395996094,68.51521301269531,345.7848815917969,50.0,-3.4961292385560228e-06,296.4156188964844,135.34674072265625,0.0,0.0,1700.0,61.08149337768555,0.0,0.0,0.0,61.08149337768555,0.0,0.0,0.0,17997.138671875,35915.76171875,0.0,0.0,0.0,59.574249267578125,75.77938079833984,0.0,0.0,0.0
1940.0,0.0,154.97259521484375,0.0002964091254398,1.2730375601677224e-05,0.0,0.0,0.0,1211.3426513671875,0.0,2578.027587890625,12.29377555847168,13.10266399383545,7.924896240234375,79.33721923828125,1.090526461601257,73825.296875,0.0,0.0,0.0,0.0,36.07734680175781,45.36774826049805,157.08639526367188,452.0113220214844,1.2518129348754885,0.9587286114692688,57.86029815673828,59.34994125366211,1.6046406030654907,1.6103914976119995,0.0,25.04790687561035,29.512020111083984,46.62083435058594,0.0,439.65423583984375,3895780.0,394110.96875,-5.279666900634766,-2.520113229751587,0.7938252091407776,2.596620798110962,-6.149999618530273,0.0013894032454118,0.7403659820556641,4.472754955291748,0.0439999997615814,1.0896910429000854,1.0873140096664429,1.088106393814087,68.12126922607422,68.31488800048828,0.0,1.9300410713185556e-05,0.0,0.003500115359202,277.16900634765625,0.0,276.7309265136719,276.9246520996094,50.0,50.0,284.8840026855469,284.8840026855469,284.8797607421875,277.6762390136719,277.48260498046875,802.55322265625,281.02789306640625,68.51521301269531,345.7975158691406,50.0,1.8789780824590707e-06,296.5365295410156,135.20880126953125,0.0,0.0,1700.0,61.06146240234375,0.0,0.0,0.0,61.06146240234375,0.0,0.0,0.0,17997.138671875,35915.76171875,0.0,0.0,0.0,59.49860000610352,75.71710205078125,0.0,0.0,0.0
1950.0,0.0,155.2939453125,0.0002981209836434,1.2745934327540454e-05,0.0,0.0,0.0,1210.9725341796875,0.0,2577.968994140625,12.275891304016112,13.090768814086914,7.924896240234375,79.62252044677734,1.0965274572372437,74200.671875,0.0,0.0,0.0,0.0,35.86614990234375,45.22748565673828,157.1120147705078,453.3027038574219,1.2518129348754885,0.9587286114692688,57.80234909057617,59.28956604003906,1.601854681968689,1.6074318885803225,0.0,25.02022171020508,29.490365982055664,46.535152435302734,0.0,439.66461181640625,3918863.25,396321.34375,-5.289278030395508,-2.533026933670044,0.7939557433128357,2.5997931957244873,-6.149999618530273,0.0013935513561591,0.7468159198760986,4.508033752441406,0.0439999997615814,1.0896910429000854,1.0876802206039429,1.088350534439087,68.20061492919922,68.39413452148438,0.0,1.934540159709286e-05,0.0,0.0035198763944208,277.09991455078125,0.0,276.6617431640625,276.8553161621094,50.0,50.0,284.8011779785156,284.8011779785156,284.7970275878906,277.6069641113281,277.4134521484375,797.6586303710938,280.9521484375,68.51521301269531,345.8075866699219,50.0,2.878076884371694e-06,296.6499328613281,135.07040405273438,0.0,0.0,1700.0,61.0453987121582,0.0,0.0,0.0,61.0453987121582,0.0,0.0,0.0,17997.138671875,35927.859375,0.0,0.0,0.0,59.42213439941406,75.65518951416016,0.0,0.0,0.0
1960.0,0.0,155.56544494628906,0.0002998382842633,1.276150669582421e-05,0.0,0.0,0.0,1210.5980224609375,0.0,2578.094482421875,12.258031845092772,13.078887939453123,7.924896240234375,79.91160583496094,1.1025278568267822,74575.671875,0.0,0.0,0.0,0.0,35.655235290527344,45.0873908996582,157.06085205078125,454.59271240234375,1.2518129348754885,0.9587286114692688,57.74424743652344,59.229042053222656,1.599090576171875,1.6045783758163452,0.0,24.99190330505371,29.467544555664062,46.452545166015625,0.0,439.6749877929687,3941944.5,398529.65625,-5.298820495605469,-2.5459272861480713,0.7940858602523804,2.603020668029785,-6.149999618530273,0.0013977268245071,0.7532867789268494,4.54334831237793,0.0439999997615814,1.0896910429000854,1.0876802206039429,1.088350534439087,68.24839782714844,68.44190979003906,0.0,1.9390628949622624e-05,0.0,0.0035396043676882,277.0294494628906,0.0,276.5923156738281,276.7858581542969,50.0,50.0,284.71856689453125,284.71856689453125,284.7145080566406,277.5375671386719,277.34405517578125,792.7640991210938,280.87640380859375,68.51521301269531,345.7859802246094,50.0,-2.4241862774943e-06,296.7648620605469,134.931640625,0.0,0.0,1700.0,61.07976150512695,0.0,0.0,0.0,61.07976150512695,0.0,0.0,0.0,17997.138671875,35927.859375,0.0,0.0,0.0,59.345340728759766,75.5932388305664,0.0,0.0,0.0
1970.0,0.0,155.84153747558594,0.0003015610855072,1.2777098163496705e-05,0.0,0.0,0.0,1210.2296142578125,0.0,2578.027587890625,12.240196228027344,13.067014694213867,7.924896240234375,80.21377563476562,1.1085280179977417,74950.2734375,0.0,0.0,0.0,0.0,35.44460678100586,44.94737243652344,157.08657836914062,455.88128662109375,1.2518129348754885,0.9587286114692688,57.68598937988281,59.16835403442383,1.5963478088378906,1.602107286453247,0.0,24.953229904174805,29.423913955688477,46.381004333496094,0.0,439.6853637695313,3965023.0,400735.78125,-5.308431148529053,-2.5588128566741943,0.7942159175872803,2.6061654090881348,-6.149999618530273,0.0014019866939634,0.7597787976264954,4.578700542449951,0.0439999997615814,1.0896910429000854,1.0880465507507324,1.088594675064087,68.32933044433594,68.5228500366211,0.0,1.94361182366265e-05,0.0,0.0035593006759881,276.96063232421875,0.0,276.52276611328125,276.71630859375,50.0,50.0,284.6359558105469,284.6359558105469,284.6317138671875,277.4681701660156,277.274658203125,787.8695068359375,280.7997131347656,68.51521301269531,345.7975158691406,50.0,3.579022859412362e-06,296.8849792480469,134.79254150390625,0.0,0.0,1700.0,61.06143569946289,0.0,0.0,0.0,61.06143569946289,0.0,0.0,0.0,17997.138671875,35939.95703125,0.0,0.0,0.0,59.26837539672851,75.53112030029297,0.0,0.0,0.0
1980.0,0.0,156.1245880126953,0.0003032893000636,1.279270236409502e-05,0.0,0.0,0.0,1209.856201171875,0.0,2577.97314453125,12.222387313842772,13.055150032043455,7.924896240234375,80.49674224853516,1.1145285367965698,75324.4921875,0.0,0.0,0.0,0.0,35.23427963256836,44.807464599609375,157.11077880859375,457.1685485839844,1.2518129348754885,0.9587286114692688,57.62758255004883,59.107513427734375,1.5936264991760254,1.5992255210876465,0.0,24.925546646118164,29.402359008789062,46.29758071899414,0.0,439.69573974609375,3988099.0,402940.0,-5.318005084991455,-2.571685552597046,0.7943465709686279,2.6093339920043945,-6.149999618530273,0.0014062867267057,0.7662919163703918,4.61408805847168,0.0439999997615814,1.0896910429000854,1.0880465507507324,1.088594675064087,68.40837097167969,68.60192108154297,0.0,1.948184581124224e-05,0.0,0.0035789641551673,276.8910827636719,0.0,276.4529724121094,276.64654541015625,50.0,50.0,284.55303955078125,284.55303955078125,284.54888916015625,277.39849853515625,277.2049255371094,782.9749755859375,280.72369384765625,68.51521301269531,345.8068542480469,50.0,-1.2540982652353705e-06,296.9974670410156,134.65306091308594,0.0,0.0,1700.0,61.04656600952149,0.0,0.0,0.0,61.04656600952149,0.0,0.0,0.0,17997.138671875,35939.95703125,0.0,0.0,0.0,59.191307067871094,75.46873474121094,0.0,0.0,0.0
1990.0,0.0,156.4241943359375,0.0003050228115171,1.2808325664082076e-05,0.0,0.0,0.0,1209.4779052734375,0.0,2578.109375,12.204602241516112,13.04329776763916,7.924896240234375,80.78268432617188,1.120528221130371,75698.328125,0.0,0.0,0.0,0.0,35.02423095703125,44.66770553588867,157.0558624267578,458.4543151855469,1.2518129348754885,0.9587286114692688,57.56904220581055,59.04654312133789,1.590925931930542,1.5964571237564087,0.0,24.896804809570312,29.378591537475582,46.21743392944336,0.0,439.70611572265625,4011173.0,405142.0625,-5.32750129699707,-2.584543228149414,0.7944769263267517,2.6125648021698,-6.149999618530273,0.0014106143498793,0.772826075553894,4.649508476257324,0.0439999997615814,1.0896910429000854,1.0884130001068115,1.088839054107666,68.45465850830078,68.64823913574219,0.0,1.9527818949427456e-05,0.0,0.0035985948052257,276.8199768066406,0.0,276.3830261230469,276.5765686035156,50.0,50.0,284.4702453613281,284.4702453613281,284.4661560058594,277.3287048339844,277.1351318359375,778.0803833007812,280.64752197265625,68.51521301269531,345.7833557128906,50.0,1.9598292055889033e-06,297.1111145019531,134.51324462890625,0.0,0.0,1700.0,61.08391952514648,0.0,0.0,0.0,61.08391952514648,0.0,0.0,0.0,17997.138671875,35952.0625,0.0,0.0,0.0,59.113731384277344,75.4065170288086,0.0,0.0,0.0
2000.0,0.0,156.66488647460938,0.0003067615325562,1.2823959878005551e-05,0.0,0.0,0.0,1209.1060791015625,0.0,2578.043212890625,12.18684196472168,13.031452178955078,7.924896240234375,81.08246612548828,1.1265279054641724,76071.7734375,0.0,0.0,0.0,0.0,34.814483642578125,44.528018951416016,157.08151245117188,459.73870849609375,1.2518129348754885,0.9587286114692688,57.51032638549805,58.98539733886719,1.5882457494735718,1.5940284729003906,0.0,24.857919692993164,29.33421516418457,46.147125244140625,0.0,439.7164916992187,4034244.5,407342.09375,-5.337072372436523,-2.5973870754241943,0.7946075201034546,2.6157069206237793,-6.149999618530273,0.0014149708440527,0.7793813347816467,4.684961795806885,0.0439999997615814,1.0896910429000854,1.0884130001068115,1.088839054107666,68.53617858886719,68.72972106933594,0.0,1.9574034013203345e-05,0.0,0.0036181912291795,276.7506408691406,0.0,276.3128662109375,276.5063781738281,50.0,50.0,284.3873291015625,284.3873291015625,284.383056640625,277.2586364746094,277.0650939941406,773.1858520507812,280.5704040527344,68.51521301269531,345.7948303222656,50.0,4.5550145841843914e-06,297.2302551269531,134.373046875,0.0,0.0,1700.0,61.06571578979492,0.0,0.0,0.0,61.06571578979492,0.0,0.0,0.0,17997.138671875,35952.0625,0.0,0.0,0.0,59.035911560058594,75.34414672851562,0.0,0.0,0.0
2010.0,0.0,156.98101806640625,0.0003085054922848,1.2839612281823063e-05,0.0,0.0,0.0,1208.729736328125,0.0,2577.96630859375,12.169108390808104,13.01961898803711,7.924896240234375,81.37288665771484,1.1325279474258425,76444.8203125,0.0,0.0,0.0,0.0,34.60503387451172,44.38847732543945,157.1085662841797,461.0216674804687,1.2518129348754885,0.9587286114692688,57.45148849487305,58.92411422729492,1.5855863094329834,1.5911892652511597,0.0,24.831716537475582,29.315940856933594,46.0649299621582,0.0,439.7268676757813,4057313.5,409540.15625,-5.346616268157959,-2.6102166175842285,0.794738233089447,2.6188619136810303,-6.149999618530273,0.001419354812242,0.7859575152397156,4.720448970794678,0.0439999997615814,1.0896910429000854,1.0887795686721802,1.0890834331512451,68.61935424804688,68.81290435791016,0.0,1.9620480088633485e-05,0.0,0.0036377569194883,276.6808166503906,0.0,276.24267578125,276.43621826171875,50.0,50.0,284.3043212890625,284.3043212890625,284.3001708984375,277.18865966796875,276.9951171875,768.291259765625,280.49420166015625,68.51521301269531,345.8080139160156,50.0,1.2582127055793535e-06,297.3457336425781,134.23252868652344,0.0,0.0,1700.0,61.044715881347656,0.0,0.0,0.0,61.044715881347656,0.0,0.0,0.0,17997.138671875,35964.171875,0.0,0.0,0.0,58.95818328857422,75.28138732910156,0.0,0.0,0.0
2020.0,0.0,157.24365234375,0.0003102545742876,1.2855274690082297e-05,0.0,0.0,0.0,1208.3714599609375,0.0,2577.89990234375,12.151399612426758,13.00779628753662,7.924896240234375,81.65714263916016,1.1385279893875122,76817.484375,0.0,0.0,0.0,0.0,34.39588928222656,44.24905776977539,157.05857849121094,462.3033142089844,1.2518129348754885,0.9587286114692688,57.39249801635742,58.862667083740234,1.58294677734375,1.588484525680542,0.0,24.801708221435547,29.29015731811523,45.98662567138672,0.0,439.73724365234375,4080380.0,411736.15625,-5.356144428253174,-2.623033285140991,0.7948692440986633,2.6220192909240723,-6.149999618530273,0.0014237669529393,0.7925546169281006,4.755967140197754,0.0439999997615814,1.0896910429000854,1.0887795686721802,1.0890834331512451,68.70110321044922,68.8946533203125,0.0,1.966717718460131e-05,0.0,0.0036572872195392,276.6107482910156,0.0,276.1722412109375,276.3658142089844,50.0,50.0,284.2211608886719,284.2211608886719,284.2170715332031,277.1183776855469,276.9248046875,763.396728515625,280.41754150390625,68.51521301269531,345.8194885253906,50.0,1.999158030230319e-06,297.4587097167969,134.09164428710938,0.0,0.0,1700.0,61.0264778137207,0.0,0.0,0.0,61.0264778137207,0.0,0.0,0.0,17997.138671875,35964.171875,0.0,0.0,64.68452453613281,58.88043975830078,75.21825408935547,0.0,0.0,0.0
2030.0,0.0,157.50927734375,0.0003120088076684,1.2870954378740862e-05,0.0,0.0,0.0,1208.0157470703125,0.0,2578.06982421875,12.133715629577637,12.995979309082031,7.924896240234375,81.94546508789062,1.1445273160934448,77189.765625,0.0,0.0,0.0,0.0,34.18702697753906,44.10970687866211,157.07188415527344,463.5836486816406,1.2518129348754885,0.9587286114692688,57.33336639404297,58.801082611083984,1.580327033996582,1.5861620903015137,0.0,24.76282501220703,29.246524810791016,45.91939163208008,0.0,439.74761962890625,4103444.5,413930.0,-5.365602970123291,-2.635836362838745,0.7949997782707214,2.6252334117889404,-6.149999618530273,0.0014282071497291,0.799172580242157,4.791515350341797,0.0439999997615814,1.0896910429000854,1.0891461372375488,1.0893278121948242,68.74227142333984,68.93585205078125,0.0,1.9714107111212797e-05,0.0,0.0036767858546227,276.53924560546875,0.0,276.1015930175781,276.295166015625,50.0,50.0,284.1383056640625,284.1383056640625,284.13397216796875,277.04791259765625,276.85430908203125,758.5021362304688,280.3402404785156,68.51521301269531,345.7901916503906,50.0,-2.958360255433945e-06,297.5733337402344,133.95045471191406,0.0,0.0,1700.0,61.07307052612305,0.0,0.0,0.0,61.07307052612305,0.0,0.0,0.0,17997.138671875,35976.28125,0.0,0.0,0.0,58.802215576171875,75.15528869628906,0.0,0.0,0.0
2040.0,0.0,157.7898712158203,0.0003137682506348,1.2886648619314656e-05,0.0,0.0,0.0,1207.66064453125,0.0,2578.000732421875,12.11605739593506,12.98417854309082,7.924896240234375,82.23150634765625,1.150525450706482,77561.640625,0.0,0.0,0.0,0.0,33.978458404541016,43.97054672241211,157.0972900390625,464.8624572753906,1.2518129348754885,0.9587286114692688,57.27410125732422,58.73937225341797,1.57772696018219,1.5833653211593628,0.0,24.73661994934082,29.227928161621097,45.83842468261719,0.0,439.7579956054687,4126506.25,416121.90625,-5.375109672546387,-2.6486246585845947,0.7951309084892273,2.6283838748931885,-6.149999618530273,0.0014326935634016,0.80581134557724,4.827096462249756,0.0439999997615814,1.0896910429000854,1.0891461372375488,1.0893278121948242,68.82476806640625,69.01831817626953,0.0,1.9761286239372566e-05,0.0,0.0036962509620934,276.4689636230469,0.0,276.0308532714844,276.22442626953125,50.0,50.0,284.0550231933594,284.0550231933594,284.05084228515625,276.9773864746094,276.7838134765625,753.6075439453125,280.2636413574219,68.51521301269531,345.8021545410156,50.0,4.697826625488233e-06,297.68701171875,133.8089141845703,0.0,0.0,1700.0,61.05405807495117,0.0,0.0,0.0,61.05405807495117,0.0,0.0,0.0,17997.138671875,35976.28125,0.0,0.0,0.0,58.72372817993164,75.09227752685547,0.0,0.0,0.0
2050.0,0.0,158.0830841064453,0.0003155327576678,1.2902354683319572e-05,0.0,0.0,0.0,1207.304443359375,0.0,2577.925048828125,12.09842586517334,12.97238540649414,7.924896240234375,82.51976776123047,1.1565240621566772,77933.125,0.0,0.0,0.0,0.0,33.77021026611328,43.83146667480469,157.04673767089844,466.1398620605469,1.2518129348754885,0.9587286114692688,57.214725494384766,58.67752456665039,1.575145959854126,1.5807242393493652,0.0,24.707666397094727,29.204578399658203,45.761966705322266,0.0,439.7683715820313,4149566.25,418311.78125,-5.3846049308776855,-2.6613986492156982,0.795261800289154,2.6315317153930664,-6.149999618530273,0.0014372142031788,0.8124709129333496,4.862706661224365,0.0439999997615814,1.0896910429000854,1.0895129442214966,1.0895723104476929,68.90831756591797,69.10186767578125,0.0,1.9808705474133603e-05,0.0,0.0037156839389353,276.3985290527344,0.0,275.96014404296875,276.15374755859375,50.0,50.0,283.9718933105469,283.9718933105469,283.9677734375,276.90679931640625,276.7132568359375,748.7130126953125,280.18682861328125,68.51521301269531,345.81512451171875,50.0,1.0200951692240778e-06,297.8016052246094,133.66709899902344,0.0,0.0,1700.0,61.03336715698242,0.0,0.0,0.0,61.03336715698242,0.0,0.0,0.0,17997.138671875,35988.39453125,0.0,0.0,64.34602355957031,58.64554214477539,75.0286636352539,0.0,0.0,0.0
2060.0,0.0,158.3486785888672,0.0003173022705595,1.291807166126091e-05,0.0,0.0,0.0,1206.9434814453125,0.0,2578.085693359375,12.080819129943848,12.960601806640623,7.924896240234375,82.79583740234375,1.1625226736068726,78304.2109375,0.0,0.0,0.0,0.0,33.56226348876953,43.692508697509766,157.06536865234375,467.4159851074219,1.2518129348754885,0.9587286114692688,57.155216217041016,58.61554336547851,1.5725841522216797,1.5780903100967407,0.0,24.678714752197266,29.18048667907715,45.68571472167969,0.0,439.77874755859375,4172623.0,420499.59375,-5.394017219543457,-2.6741597652435303,0.7953928709030151,2.634749412536621,-6.149999618530273,0.0014417628990486,0.8191511631011963,4.898345470428467,0.0439999997615814,1.0896910429000854,1.0895129442214966,1.0895723104476929,68.95148468017578,69.14503479003906,0.0,1.9856364815495908e-05,0.0,0.0037350840866565,276.3263244628906,0.0,275.88909912109375,276.0826721191406,50.0,50.0,283.8887023925781,283.8887023925781,283.8846130371094,276.8359680175781,276.6424255371094,743.8184204101562,280.10992431640625,68.51521301269531,345.7874755859375,50.0,-5.287957719701808e-06,297.9113464355469,133.52499389648438,0.0,0.0,1700.0,61.077388763427734,0.0,0.0,0.0,61.077388763427734,0.0,0.0,0.0,17997.138671875,35988.39453125,0.0,0.0,0.0,58.56711196899414,74.9649887084961,0.0,0.0,0.0
2070.0,0.0,158.61224365234375,0.0003190767311025,1.2933803191117477e-05,0.0,0.0,0.0,1206.5892333984375,0.0,2578.0234375,12.063239097595217,12.94883155822754,7.924896240234375,83.09366607666016,1.1685216426849363,78674.9140625,0.0,0.0,0.0,0.0,33.3546142578125,43.5536994934082,157.0885772705078,468.6907043457031,1.2518129348754885,0.9587286114692688,57.09558868408203,58.55343246459961,1.5700411796569824,1.575831651687622,0.0,24.64067649841309,29.13896751403809,45.62032699584961,0.0,439.78912353515625,4195678.0,422685.34375,-5.4035139083862305,-2.6869070529937744,0.7955235838890076,2.637869119644165,-6.149999618530273,0.0014463400002568,0.8258520364761353,4.934013843536377,0.0439999997615814,1.0896910429000854,1.089879870414734,1.089816927909851,69.03306579589844,69.22665405273438,0.0,1.9904256987501867e-05,0.0,0.0037544516380876,276.2561340332031,0.0,275.8180847167969,276.01165771484375,50.0,50.0,283.8056945800781,283.8056945800781,283.8014221191406,276.76513671875,276.5715637207031,738.9238891601562,280.0323486328125,68.51521301269531,345.7982177734375,50.0,-3.479834731479059e-06,298.0297546386719,133.38259887695312,0.0,0.0,1700.0,61.06028366088867,0.0,0.0,0.0,61.06028366088867,0.0,0.0,0.0,17997.138671875,36000.515625,0.0,0.0,0.0,58.488670349121094,74.90104675292969,0.0,0.0,0.0
2080.0,0.0,159.01333618164062,0.0003208561101928,1.294954836339457e-05,0.0,0.0,0.0,1206.2353515625,0.0,2577.984375,12.045683860778809,12.937067985534668,7.924896240234375,83.36902618408203,1.1745208501815796,79045.2109375,0.0,0.0,0.0,0.0,33.14727020263672,43.41497039794922,157.10775756835938,469.9640808105469,1.2518129348754885,0.9587286114692688,57.035858154296875,58.4911994934082,1.5675164461135864,1.5731552839279177,0.0,24.614591598510746,29.117408752441406,45.5428466796875,0.0,439.7994995117187,4218730.5,424869.15625,-5.412962913513184,-2.6996407508850098,0.7956551313400269,2.641022205352783,-6.149999618530273,0.001450945273973,0.8325737118721008,4.969712257385254,0.0439999997615814,1.092444896697998,1.089879870414734,1.090734839439392,69.11170196533203,69.30447387695312,0.0,1.9952389266109097e-05,0.0,0.0037737879902124,276.18499755859375,0.0,275.7475891113281,275.94036865234375,50.0,50.0,283.72216796875,283.72216796875,283.7179870605469,276.69329833984375,276.5005187988281,734.029296875,279.95526123046875,68.51521301269531,345.80499267578125,50.0,-1.432278168067569e-06,298.1391906738281,133.2399444580078,0.0,0.0,1700.0,61.04954147338867,0.0,0.0,0.0,61.04954147338867,0.0,0.0,0.0,18042.62109375,36000.515625,0.0,0.0,0.0,58.41068649291992,74.8364028930664,0.0,0.0,0.0
2090.0,0.0,159.30398559570312,0.0003226403205189,1.296530263061868e-05,0.0,0.0,0.0,1205.8753662109375,0.0,2577.89697265625,12.028156280517578,12.925317764282228,7.924896240234375,83.65717315673828,1.1805189847946167,79415.1171875,0.0,0.0,0.0,0.0,32.94023895263672,43.276390075683594,157.05712890625,471.2360229492187,1.2518129348754885,0.9587286114692688,56.97599411010742,58.428836822509766,1.5650103092193604,1.5705779790878296,0.0,24.585214614868164,29.093637466430664,45.468231201171875,0.0,439.8098754882813,4241780.0,427050.84375,-5.422414302825928,-2.712360143661499,0.7957865595817566,2.6441590785980225,-6.149999618530273,0.0014555789530277,0.8393159508705139,5.005436897277832,0.0439999997615814,1.092444896697998,1.0902470350265503,1.0909795761108398,69.19823455810547,69.39073181152344,0.0,2.000075619434938e-05,0.0,0.0037930898834019,276.1140441894531,0.0,275.6764831542969,275.8689880371094,50.0,50.0,283.6387634277344,283.6387634277344,283.6346435546875,276.6217346191406,276.42926025390625,729.134765625,279.87799072265625,68.51521301269531,345.8199768066406,50.0,-1.4060265129955951e-06,298.25372314453125,133.09698486328125,0.0,0.0,1700.0,61.02568054199219,0.0,0.0,0.0,61.02568054199219,0.0,0.0,0.0,18042.62109375,36012.64453125,0.0,0.0,64.7236328125,58.33233642578125,74.77180480957031,0.0,0.0,0.0
2100.0,0.0,159.52719116210938,0.0003244291583541,1.2981068721273914e-05,0.0,0.0,0.0,1205.51318359375,0.0,2578.08447265625,12.010653495788574,12.913578033447266,7.924896240234375,83.93795776367188,1.1865161657333374,79784.6171875,0.0,0.0,0.0,0.0,32.73350143432617,43.137935638427734,157.06739807128906,472.5066528320313,1.2518129348754885,0.9587286114692688,56.91596984863281,58.366329193115234,1.5625221729278564,1.568390130996704,0.0,24.545692443847656,29.04883575439453,45.4048957824707,0.0,439.82025146484375,4264827.5,429230.625,-5.431791305541992,-2.7250664234161377,0.7959176898002625,2.647357225418091,-6.149999618530273,0.0014602403389289,0.8460788130760193,5.041183948516846,0.0439999997615814,1.092444896697998,1.0902470350265503,1.0909795761108398,69.23750305175781,69.429931640625,0.0,2.0049365048180338e-05,0.0,0.0038123566191643,276.0414733886719,0.0,275.6048278808594,275.7972412109375,50.0,50.0,283.5554504394531,283.5554504394531,283.55108642578125,276.5501708984375,276.35772705078125,724.2401733398438,279.7999572753906,68.51521301269531,345.78765869140625,50.0,3.817555978002929e-07,298.3653259277344,132.95367431640625,0.0,0.0,1700.0,61.07707595825195,0.0,0.0,0.0,61.07707595825195,0.0,0.0,0.0,18042.62109375,36012.64453125,0.0,0.0,0.0,58.25335311889648,74.70748138427734,0.0,0.0,0.0
2110.0,0.0,159.83535766601562,0.0003262226528022,1.299684663536027e-05,0.0,0.0,0.0,1205.151123046875,0.0,2578.020751953125,11.993175506591797,12.901845932006836,7.924896240234375,84.21829986572266,1.1925135850906372,80153.71875,0.0,0.0,0.0,0.0,32.52705001831055,42.99957656860352,157.0909423828125,473.7759704589844,1.2518129348754885,0.9587286114692688,56.85581588745117,58.30368423461914,1.5600519180297852,1.5657278299331665,0.0,24.51885032653809,29.030132293701172,45.32781982421875,0.0,439.83062744140625,4287873.0,431408.28125,-5.441215515136719,-2.737759590148926,0.7960495948791504,2.65049409866333,-6.149999618530273,0.0014649301301687,0.8528621196746826,5.0769548416137695,0.0439999997615814,1.092444896697998,1.0906139612197876,1.0912243127822876,69.320068359375,69.51249694824219,0.0,2.009820491366554e-05,0.0,0.0038315888959914,275.9700927734375,0.0,275.5330810546875,275.72552490234375,50.0,50.0,283.4717102050781,283.4717102050781,283.467529296875,276.47857666015625,276.2861633300781,719.3456420898438,279.7225646972656,68.51521301269531,345.79864501953125,50.0,-1.5958331687215832e-06,298.4767761230469,132.80999755859375,0.0,0.0,1700.0,61.059593200683594,0.0,0.0,0.0,61.059593200683594,0.0,0.0,0.0,18042.62109375,36024.765625,0.0,0.0,0.0,58.1742057800293,74.64299774169922,0.0,0.0,0.0
2120.0,0.0,160.09500122070312,0.0003280207456555,1.3012633644393644e-05,0.0,0.0,0.0,1204.78857421875,0.0,2577.954833984375,11.975725173950195,12.890129089355469,7.924896240234375,84.5010986328125,1.1985113620758057,80522.4296875,0.0,0.0,0.0,0.0,32.320926666259766,42.86139297485352,157.11830139160156,475.0437622070313,1.2518129348754885,0.9587286114692688,56.79555892944336,58.24091720581055,1.5575990676879885,1.5632143020629885,0.0,24.489896774291992,29.00646209716797,45.25505447387695,0.0,439.8410034179687,4310916.5,433583.96875,-5.450632572174072,-2.7504374980926514,0.7961810827255249,2.653623580932617,-6.149999618530273,0.0014696479775011,0.8596659898757935,5.112751007080078,0.0439999997615814,1.092444896697998,1.0906139612197876,1.0912243127822876,69.40300750732422,69.59540557861328,0.0,2.0147281247773208e-05,0.0,0.0038507885765284,275.898681640625,0.0,275.4613342285156,275.6537170410156,50.0,50.0,283.38824462890625,283.38824462890625,283.38409423828125,276.40704345703125,276.2146301269531,714.4510498046875,279.6451110839844,68.51521301269531,345.81005859375,50.0,-3.0077546853135573e-07,298.5892028808594,132.6660919189453,0.0,0.0,1700.0,61.041465759277344,0.0,0.0,0.0,61.041465759277344,0.0,0.0,0.0,18042.62109375,36024.765625,0.0,0.0,0.0,58.09527969360352,74.57801818847656,0.0,0.0,0.0
2130.0,0.0,160.3790283203125,0.0003298235824331,1.3028433386352845e-05,0.0,0.0,0.0,1204.4208984375,0.0,2578.12353515625,11.95829963684082,12.878419876098633,7.924896240234375,84.77198791503906,1.2045093774795532,80890.7421875,0.0,0.0,0.0,0.0,32.11510467529297,42.72330474853515,157.05172729492188,476.3102722167969,1.2518129348754885,0.9587286114692688,56.73518753051758,58.17803955078125,1.5551637411117554,1.5607218742370603,0.0,24.46136474609375,28.98480224609375,45.182899475097656,0.0,439.8513793945313,4333957.0,435757.65625,-5.459967613220215,-2.763102769851685,0.7963124513626099,2.656822681427002,-6.149999618530273,0.001474393880926,0.8664903044700623,5.1485700607299805,0.0439999997615814,1.092444896697998,1.0909814834594729,1.0914692878723145,69.44563293457031,69.6380615234375,0.0,2.0196592231513932e-05,0.0,0.0038699542637914,275.8254699707031,0.0,275.38934326171875,275.581787109375,50.0,50.0,283.3048095703125,283.3048095703125,283.30072021484375,276.3353271484375,276.14288330078125,709.5564575195312,279.56768798828125,68.51521301269531,345.78094482421875,50.0,-1.033140847539471e-06,298.6968688964844,132.52191162109375,0.0,0.0,1700.0,61.08778762817383,0.0,0.0,0.0,61.08778762817383,0.0,0.0,0.0,18042.62109375,36036.90234375,0.0,0.0,0.0,58.01602554321289,74.51309204101562,0.0,0.0,0.0
2140.0,0.0,160.59654235839844,0.0003316309594083,1.304424131376436e-05,0.0,0.0,0.0,1204.06005859375,0.0,2578.07470703125,11.94090175628662,12.866721153259276,7.924896240234375,85.06314086914062,1.2105079889297483,81258.6484375,0.0,0.0,0.0,0.0,31.909591674804688,42.585323333740234,157.07083129882812,477.5754089355469,1.2518129348754885,0.9587286114692688,56.6746940612793,58.11503982543945,1.5527455806732178,1.5586260557174685,0.0,24.422054290771484,28.940420150756836,45.122222900390625,0.0,439.86175537109375,4356994.5,437929.21875,-5.469383239746094,-2.775753974914551,0.79644376039505,2.6599268913269043,-6.149999618530273,0.0014791680732741,0.8733350038528442,5.184413433074951,0.0439999997615814,1.092444896697998,1.0909814834594729,1.0914692878723145,69.5257568359375,69.71815490722656,0.0,2.024613604589831e-05,0.0,0.0038890873547643,275.7542419433594,0.0,275.3173522949219,275.509765625,50.0,50.0,283.221435546875,283.221435546875,283.21710205078125,276.2635803222656,276.0711669921875,704.6619262695312,279.48931884765625,68.51521301269531,345.7893371582031,50.0,1.1827360140159726e-06,298.8125915527344,132.37747192382812,0.0,0.0,1700.0,61.07440948486328,0.0,0.0,0.0,61.07440948486328,0.0,0.0,0.0,18042.62109375,36036.90234375,0.0,0.0,0.0,57.93668746948242,74.44800567626953,0.0,0.0,0.0
2150.0,0.0,160.90228271484375,0.0003334428474772,1.3060060155112296e-05,0.0,0.0,0.0,1203.6947021484375,0.0,2578.02197265625,11.92353057861328,12.855036735534668,7.924896240234375,85.339599609375,1.216503620147705,81626.140625,0.0,0.0,0.0,0.0,31.70439338684082,42.4475212097168,157.0906982421875,478.8392028808594,1.2518129348754885,0.9587286114692688,56.61409378051758,58.05192947387695,1.5503442287445068,1.5560204982757568,0.0,24.3956356048584,28.922563552856445,45.04679489135742,0.0,439.87213134765625,4380031.0,440098.9375,-5.478768825531006,-2.7883920669555664,0.7965759038925171,2.6630473136901855,-6.149999618530273,0.0014839703217148,0.8802001476287842,5.220279216766357,0.0439999997615814,1.092444896697998,1.0913488864898682,1.0917142629623413,69.60690307617188,69.79933166503906,0.0,2.0295919966883957e-05,0.0,0.0039081871509552,275.6824035644531,0.0,275.2451171875,275.43756103515625,50.0,50.0,283.1375427246094,283.1375427246094,283.13336181640625,276.1915588378906,275.9991149902344,699.767333984375,279.4116516113281,68.51521301269531,345.7984619140625,50.0,1.064250113813614e-06,298.9224853515625,132.23272705078125,0.0,0.0,1700.0,61.05994415283203,0.0,0.0,0.0,61.05994415283203,0.0,0.0,0.0,18042.62109375,36049.0390625,0.0,0.0,0.0,57.85713577270508,74.38285064697266,0.0,0.0,0.0
2160.0,0.0,161.15621948242188,0.0003352591011207,1.3075889000901952e-05,0.0,0.0,0.0,1203.3289794921875,0.0,2577.96435546875,11.906185150146484,12.84335994720459,7.924896240234375,85.61800384521484,1.2224998474121094,81993.234375,0.0,0.0,0.0,0.0,31.49949073791504,42.309814453125,157.11520385742188,480.1015319824219,1.2518129348754885,0.9587286114692688,56.55338287353515,57.98872756958008,1.5479599237442017,1.5535918474197388,0.0,24.366682052612305,28.899314880371097,44.97648239135742,0.0,439.8825073242187,4403064.5,442266.65625,-5.488144397735596,-2.801015138626098,0.7967075109481812,2.666163206100464,-6.149999618530273,0.001488800975494,0.8870855569839478,5.256165027618408,0.0439999997615814,1.092444896697998,1.0913488864898682,1.0917142629623413,69.68878936767578,69.88118743896484,0.0,2.0345934899523858e-05,0.0,0.0039272517897188,275.6105041503906,0.0,275.17291259765625,275.3653259277344,50.0,50.0,283.05401611328125,283.05401611328125,283.0498352050781,276.11956787109375,275.9271545410156,694.872802734375,279.33392333984375,68.51521301269531,345.808349609375,50.0,5.884173788217595e-07,299.03314208984375,132.08773803710938,0.0,0.0,1700.0,61.04416275024414,0.0,0.0,0.0,61.04416275024414,0.0,0.0,0.0,18042.62109375,36049.0390625,0.0,0.0,0.0,57.77691650390625,74.31807708740234,0.0,0.0,0.0
2170.0,0.0,161.4385223388672,0.0003370798658579,1.3091726032143924e-05,0.0,0.0,0.0,1202.9627685546875,0.0,2577.889892578125,11.888866424560549,12.831695556640623,7.924896240234375,85.89898681640625,1.2284960746765137,82359.9296875,0.0,0.0,0.0,0.0,31.294902801513672,42.172245025634766,157.05638122558594,481.3626098632813,1.2518129348754885,0.9587286114692688,56.4925651550293,57.92540740966797,1.545591950416565,1.5511561632156372,0.0,24.338361740112305,28.87765312194824,44.90597152709961,0.0,439.8928833007813,4426095.5,444432.28125,-5.4975199699401855,-2.8136260509490967,0.7968392372131348,2.669266939163208,-6.149999618530273,0.0014936594525352,0.893991231918335,5.292072772979736,0.0439999997615814,1.092444896697998,1.0917164087295532,1.0919592380523682,69.77376556396484,69.96612548828125,0.0,2.039618448179681e-05,0.0,0.0039462838321924,275.53863525390625,0.0,275.1007080078125,275.2930908203125,50.0,50.0,282.97039794921875,282.97039794921875,282.9662780761719,276.04742431640625,275.8550720214844,689.9782104492188,279.2561340332031,68.51521301269531,345.8211975097656,50.0,8.256573096332431e-07,299.14483642578125,131.94248962402344,0.0,0.0,1700.0,61.023719787597656,0.0,0.0,0.0,61.023719787597656,0.0,0.0,0.0,18042.62109375,36061.18359375,0.0,0.0,64.82006072998047,57.69683074951172,74.2529296875,0.0,0.0,0.0
2180.0,0.0,161.69090270996094,0.0003389050834812,1.3107572158332914e-05,0.0,0.0,0.0,1202.5909423828125,0.0,2578.070556640625,11.871574401855469,12.820043563842772,7.924896240234375,86.16571807861328,1.2344926595687866,82726.234375,0.0,0.0,0.0,0.0,31.09062957763672,42.03482437133789,157.07102966308594,482.622314453125,1.2518129348754885,0.9587286114692688,56.43165588378906,57.86198425292969,1.543240308761597,1.5487488508224487,0.0,24.310253143310547,28.856096267700195,44.836280822753906,0.0,439.90325927734375,4449124.5,446595.90625,-5.5068039894104,-2.826223134994507,0.7969708442687988,2.672447919845581,-6.149999618530273,0.0014985463349148,0.9009172916412354,5.328001499176025,0.0439999997615814,1.092444896697998,1.0917164087295532,1.0919592380523682,69.815673828125,70.00773620605469,0.0,2.044666325673461e-05,0.0,0.0039652828127145,275.46478271484375,0.0,275.02886962890625,275.220947265625,50.0,50.0,282.8868408203125,282.8868408203125,282.88275146484375,275.97442626953125,275.7823791503906,685.0836791992188,279.1783447265625,68.51521301269531,345.79010009765625,50.0,2.4939054128481075e-06,299.2508544921875,131.79702758789062,0.0,0.0,1700.0,61.073219299316406,0.0,0.0,0.0,61.073219299316406,0.0,0.0,0.0,18042.62109375,36061.18359375,0.0,0.0,0.0,57.616798400878906,74.18749237060547,0.0,0.0,0.0
2190.0,0.0,161.9378204345703,0.0003407346957828,1.3123429198458323e-05,0.0,0.0,0.0,1202.2271728515625,0.0,2578.029541015625,11.854308128356934,12.80840015411377,7.924896240234375,86.4530258178711,1.2404897212982178,83092.140625,0.0,0.0,0.0,0.0,30.886672973632812,41.897499084472656,157.08705139160156,483.8806457519531,1.2518129348754885,0.9587286114692688,56.37067031860352,57.79846954345703,1.5409047603607178,1.5467380285263062,0.0,24.27136611938477,28.813297271728516,44.7780647277832,0.0,439.91363525390625,4472151.0,448757.625,-5.516178607940674,-2.838806390762329,0.7971022725105286,2.675524950027466,-6.149999618530273,0.0015034609241411,0.9078634977340698,5.363952159881592,0.0439999997615814,1.092444896697998,1.0920840501785278,1.0922043323516846,69.89586639404297,70.08758544921875,0.0,2.0497374862316065e-05,0.0,0.0039842501282691,275.39312744140625,0.0,274.95733642578125,275.14910888671875,50.0,50.0,282.8033752441406,282.8033752441406,282.799072265625,275.9012451171875,275.70953369140625,680.1890869140625,279.0997314453125,68.51521301269531,345.797119140625,50.0,1.855870436884288e-06,299.3650817871094,131.65139770507812,0.0,0.0,1700.0,61.0620231628418,0.0,0.0,0.0,61.0620231628418,0.0,0.0,0.0,18042.62109375,36073.32421875,0.0,0.0,0.0,57.537086486816406,74.12157440185547,0.0,0.0,0.0
2200.0,0.0,162.2023162841797,0.0003425686445552,1.313929806201486e-05,0.0,0.0,0.0,1201.859130859375,0.0,2577.98388671875,11.837071418762209,12.796772003173828,7.924896240234375,86.72628021240234,1.2464858293533323,83457.6328125,0.0,0.0,0.0,0.0,30.683048248291016,41.760345458984375,157.10369873046875,485.1376037597656,1.2518129348754885,0.9587286114692688,56.30961608886719,57.734886169433594,1.538585186004639,1.5442315340042114,0.0,24.24642562866211,28.798927307128903,44.70550155639648,0.0,439.9240112304687,4495175.5,450917.3125,-5.525529384613037,-2.8513760566711426,0.7972339391708374,2.678611993789673,-6.149999618530273,0.0015084038022905,0.9148298501968384,5.399927139282227,0.0439999997615814,1.092444896697998,1.0920840501785278,1.0922043323516846,69.97691345214844,70.16822052001953,0.0,2.054832293651998e-05,0.0,0.0040031867101788,275.321044921875,0.0,274.8858642578125,275.07720947265625,50.0,50.0,282.7197265625,282.7197265625,282.715576171875,275.8280944824219,275.63677978515625,675.2945556640625,279.0220947265625,68.51521301269531,345.80499267578125,50.0,1.0983015954479924e-06,299.47369384765625,131.5055694580078,0.0,0.0,1700.0,61.04949951171875,0.0,0.0,0.0,61.04949951171875,0.0,0.0,0.0,18042.62109375,36073.32421875,0.0,0.0,0.0,57.457298278808594,74.05558776855469,0.0,0.0,0.0
2210.0,0.0,162.47976684570312,0.0003444070462137,1.315517511102371e-05,0.0,0.0,0.0,1201.4913330078125,0.0,2577.935791015625,11.819859504699709,12.785155296325684,7.924896240234375,86.99949645996094,1.2524807453155518,83822.71875,0.0,0.0,0.0,0.0,30.479719161987305,41.62333297729492,157.03732299804688,486.3931884765625,1.2518129348754885,0.9587286114692688,56.248497009277344,57.67123794555664,1.5362814664840698,1.541866660118103,0.0,24.21937370300293,28.77979850769043,44.63703918457031,0.0,439.9343872070313,4518197.0,453074.9375,-5.534875869750977,-2.863931894302368,0.7973653674125671,2.681690216064453,-6.149999618530273,0.0015133745037019,0.9218162298202516,5.435919761657715,0.0439999997615814,1.092444896697998,1.092451810836792,1.0924495458602903,70.05839538574219,70.24929809570312,0.0,2.059949838439934e-05,0.0,0.0040220911614596,275.24896240234375,0.0,274.814453125,275.00537109375,50.0,50.0,282.6363220214844,282.6363220214844,282.6321716308594,275.7549133300781,275.5639953613281,670.3999633789062,278.9443054199219,68.51521301269531,345.81329345703125,50.0,5.053747372585349e-06,299.582275390625,131.35960388183594,0.0,0.0,1700.0,61.036319732666016,0.0,0.0,0.0,61.036319732666016,0.0,0.0,0.0,18042.62109375,36085.47265625,0.0,0.0,64.20105743408203,57.37735748291016,73.98954010009766,0.0,0.0,0.0
2220.0,0.0,162.72744750976562,0.0003462497843429,1.3171060345484877e-05,0.0,0.0,0.0,1201.1185302734375,0.0,2578.13525390625,11.8026762008667,12.77354621887207,7.924896240234375,87.25760650634766,1.258475661277771,84187.40625,0.0,0.0,0.0,0.0,30.2767333984375,41.48641586303711,157.04818725585938,487.6475524902344,1.2518129348754885,0.9587286114692688,56.18733978271485,57.607547760009766,1.5339932441711426,1.5395300388336182,0.0,24.192323684692383,28.76077651977539,44.569393157958984,0.0,439.94476318359375,4541217.0,455230.59375,-5.54414176940918,-2.8764753341674805,0.7974965572357178,2.684837102890014,-6.149999618530273,0.0015183734940364,0.9288228154182434,5.471938133239746,0.0439999997615814,1.092444896697998,1.092451810836792,1.0924495458602903,70.0973892211914,70.28784942626953,0.0,2.0650906662922353e-05,0.0,0.0040409667417407,275.175048828125,0.0,274.74285888671875,274.93328857421875,50.0,50.0,282.5530090332031,282.5530090332031,282.54888916015625,275.68157958984375,275.4910888671875,665.50537109375,278.8665771484375,68.51521301269531,345.7789611816406,50.0,-2.947964503619005e-06,299.6849060058594,131.21353149414062,0.0,0.0,1700.0,61.090972900390625,0.0,0.0,0.0,61.090972900390625,0.0,0.0,0.0,18042.62109375,36085.47265625,0.0,0.0,0.0,57.29751205444336,73.92332458496094,0.0,0.0,0.0
2230.0,0.0,163.14524841308594,0.000348097004462,1.3186957403377164e-05,0.0,0.0,0.0,1200.7554931640625,0.0,2578.0693359375,11.785520553588867,12.761955261230469,7.924896240234375,87.5355453491211,1.2644710540771484,84551.6640625,0.0,0.0,0.0,0.0,30.074071884155273,41.34969711303711,157.0716552734375,488.90045166015625,1.2518129348754885,0.9587286114692688,56.12617111206055,57.54380798339844,1.5317202806472778,1.5371935367584229,0.0,24.16767311096191,28.742916107177734,44.50175476074219,0.0,439.95513916015625,4564234.0,457384.34375,-5.553481101989746,-2.8890044689178467,0.7976276874542236,2.6878955364227295,-6.149999618530273,0.0015234001912176,0.9358495473861694,5.5079803466796875,0.0439999997615814,1.0952056646347046,1.0928196907043457,1.0936150550842283,70.18280029296875,70.37194061279297,0.0,2.0702545953099616e-05,0.0,0.0040598139166831,275.1029968261719,0.0,274.6722717285156,274.8614196777344,50.0,50.0,282.4697265625,282.4697265625,282.4656982421875,275.6075134277344,275.4183654785156,660.61083984375,278.7889404296875,68.51521301269531,345.7903137207031,50.0,-1.8733521756075788e-07,299.7953796386719,131.0674285888672,0.0,0.0,1700.0,61.07289123535156,0.0,0.0,0.0,61.07289123535156,0.0,0.0,0.0,18088.21875,36097.625,0.0,0.0,0.0,57.21855163574219,73.8561782836914,0.0,0.0,0.0
2240.0,0.0,163.34963989257812,0.0003499485610518,1.320286810368998e-05,0.0,0.0,0.0,1200.389892578125,0.0,2578.03955078125,11.768391609191896,12.750374794006348,7.924896240234375,87.81810760498047,1.270466685295105,84915.515625,0.0,0.0,0.0,0.0,29.87173843383789,41.21311569213867,157.08399963378906,490.1520385742187,1.2518129348754885,0.9587286114692688,56.064945220947266,57.48002624511719,1.5294625759124756,1.535281777381897,0.0,24.12920379638672,28.70149040222168,44.446407318115234,0.0,439.9655151367187,4587248.5,459536.0625,-5.562826156616211,-2.901520252227783,0.7977587580680847,2.6909351348876953,-6.149999618530273,0.001528455177322,0.94289630651474,5.544046401977539,0.0439999997615814,1.0952056646347046,1.0928196907043457,1.0936150550842283,70.26143646240234,70.44993591308594,0.0,2.075441625493113e-05,0.0,0.0040786322206258,275.0311584472656,0.0,274.6008605957031,274.78936767578125,50.0,50.0,282.38653564453125,282.38653564453125,282.3822326660156,275.53399658203125,275.3454895019531,655.7162475585938,278.7103271484375,68.51521301269531,345.7954406738281,50.0,-3.063781377932173e-06,299.90771484375,130.92124938964844,0.0,0.0,1700.0,61.06475830078125,0.0,0.0,0.0,61.06475830078125,0.0,0.0,0.0,18088.21875,36097.625,0.0,0.0,0.0,57.13936233520508,73.78917694091797,0.0,0.0,0.0
2250.0,0.0,163.6453857421875,0.0003518043376971,1.3218784260971006e-05,0.0,0.0,0.0,1200.0189208984375,0.0,2578.001220703125,11.751290321350098,12.738804817199709,7.924896240234375,88.0860595703125,1.2764625549316406,85278.9609375,0.0,0.0,0.0,0.0,29.669715881347656,41.07664489746094,157.09820556640625,491.4023132324219,1.2518129348754885,0.9587286114692688,56.003700256347656,57.41619873046875,1.5272200107574463,1.532853126525879,0.0,24.11504364013672,28.688278198242188,44.3760986328125,0.0,439.9758911132813,4610262.0,461685.8125,-5.572146892547607,-2.914023160934448,0.7978901863098145,2.6939857006073,-6.149999618530273,0.0015335382195189,0.9499629735946656,5.580132007598877,0.0439999997615814,1.0952056646347046,1.093187689781189,1.093860387802124,70.34139251708984,70.52947998046875,0.0,2.080651574942749e-05,0.0,0.0040974197909235,274.9588623046875,0.0,274.5291748046875,274.7173156738281,50.0,50.0,282.3031005859375,282.3031005859375,282.2989196777344,275.46063232421875,275.27252197265625,650.8217163085938,278.6326904296875,68.51521301269531,345.802001953125,50.0,4.313911176723195e-06,300.0141906738281,130.77491760253906,0.0,0.0,1700.0,61.05424499511719,0.0,0.0,0.0,61.05424499511719,0.0,0.0,0.0,18088.21875,36109.77734375,0.0,0.0,0.0,57.06032943725586,73.7219009399414,0.0,0.0,0.0
2260.0,0.0,163.888671875,0.0003536668082233,1.3234737707534803e-05,0.0,0.0,0.0,1199.644287109375,0.0,2577.96484375,11.734222412109377,12.727251052856444,7.924896240234375,88.35386657714844,1.2824562788009644,85642.0078125,0.0,0.0,0.0,0.0,29.468271255493164,40.94028091430664,157.11575317382812,492.6512451171875,1.2518129348754885,0.9587286114692688,55.94310760498047,57.35237503051758,1.5249922275543213,1.5305944681167605,0.0,24.125398635864254,28.66629981994629,44.31071090698242,0.0,439.98626708984375,4633271.5,463833.53125,-5.581454753875732,-2.9265124797821045,0.7980214357376099,2.697036027908325,-6.149999618530273,0.0015386494342237,0.9570496678352356,5.616302013397217,0.0439999997615814,1.0952056646347046,1.093187689781189,1.093860387802124,70.4205322265625,70.60882568359375,0.0,2.0858849893556908e-05,0.0,0.0041162241250276,274.8863830566406,0.0,274.4569091796875,274.6451416015625,50.0,50.0,282.2197570800781,282.2197570800781,282.2156066894531,275.3877868652344,275.1994934082031,645.9271240234375,278.55474853515625,68.51521301269531,345.8083190917969,50.0,3.8288891346383025e-07,300.12066650390625,130.63011169433594,0.0,0.0,1700.0,61.044246673583984,0.0,0.0,0.0,61.044246673583984,0.0,0.0,0.0,18088.21875,36109.77734375,0.0,0.0,0.0,56.99931716918945,73.63800048828125,0.0,0.0,0.0
2270.0,0.0,164.15757751464844,0.0003555360308382,1.3250729352876078e-05,0.0,0.0,0.0,1199.26904296875,0.0,2577.91748046875,11.71718406677246,12.71571445465088,7.924896240234375,88.6243667602539,1.2884502410888672,86004.671875,0.0,0.0,0.0,0.0,29.267332077026367,40.804046630859375,157.04351806640625,493.8987731933594,1.2518129348754885,0.9587286114692688,55.88309097290039,57.288612365722656,1.5227789878845217,1.528349995613098,0.0,24.130260467529297,28.64082717895508,44.245731353759766,0.0,439.99664306640625,4656279.5,465979.34375,-5.590751647949219,-2.9389877319335938,0.7981529831886292,2.700082778930664,-6.149999618530273,0.0015437885886058,0.9641561508178712,5.652559280395508,0.0439999997615814,1.0952056646347046,1.093555927276611,1.094105839729309,70.50167846679688,70.69023895263672,0.0,2.0911409592372365e-05,0.0,0.0041350480169057,274.8137512207031,0.0,274.3843688964844,274.57293701171875,50.0,50.0,282.1362609863281,282.1362609863281,282.1321716308594,275.3148193359375,275.1262512207031,641.0325927734375,278.47662353515625,68.51521301269531,345.8164978027344,50.0,3.896017005899921e-06,300.2281799316406,130.48670959472656,0.0,0.0,1700.0,61.03124237060547,0.0,0.0,0.0,61.03124237060547,0.0,0.0,0.0,18088.21875,36121.94140625,0.0,0.0,64.45054626464844,56.95368957519531,73.54016876220703,0.0,0.0,0.0
2280.0,0.0,164.43304443359375,0.0003574111324269,1.3266751921037212e-05,0.0,0.0,0.0,1198.88818359375,0.0,2578.135009765625,11.700165748596191,12.704195976257324,7.924896240234375,88.8759994506836,1.2944438457489014,86366.921875,0.0,0.0,0.0,0.0,29.066730499267575,40.667991638183594,157.0497589111328,495.14501953125,1.2518129348754885,0.9587286114692688,55.82341003417969,57.22492218017578,1.5205802917480469,1.526126742362976,0.0,24.1319522857666,28.614086151123047,44.18136978149414,0.0,440.0070190429687,4679285.5,468123.1875,-5.599958896636963,-2.9514501094818115,0.7982842922210693,2.703206777572632,-6.149999618530273,0.0015489557990804,0.9712822437286376,5.688876628875732,0.0439999997615814,1.0952056646347046,1.0939244031906128,1.0943515300750732,70.53752136230469,70.726318359375,0.0,2.096419848385267e-05,0.0,0.0041538709774613,274.7390441894531,0.0,274.3115234375,274.50030517578125,50.0,50.0,282.0528564453125,282.0528564453125,282.04876708984375,275.241455078125,275.05267333984375,636.1380004882812,278.3985595703125,68.51521301269531,345.77899169921875,50.0,5.186577709537232e-06,300.32818603515625,130.34414672851562,0.0,0.0,1700.0,61.09090423583984,0.0,0.0,0.0,61.09090423583984,0.0,0.0,0.0,18088.21875,36134.11328125,0.0,0.0,0.0,56.91645812988281,73.4347915649414,0.0,0.0,0.0
2290.0,0.0,164.6749267578125,0.0003592915891204,1.3282793588587085e-05,0.0,0.0,0.0,1198.51123046875,0.0,2578.07861328125,11.68316650390625,12.692697525024414,7.924896240234375,89.14939880371094,1.3004378080368042,86728.78125,0.0,0.0,0.0,0.0,28.86640739440918,40.53214263916016,157.06883239746094,496.3898010253906,1.2518129348754885,0.9587286114692688,55.76399230957031,57.16130065917969,1.5183959007263184,1.5239033699035645,0.0,24.131107330322266,28.584497451782227,44.11700439453125,0.0,440.0173950195313,4702288.5,470265.03125,-5.609233379364014,-2.963897943496704,0.7984158992767334,2.7062480449676514,-6.149999618530273,0.0015541511820629,0.9784281849861144,5.725246906280518,0.0439999997615814,1.0952056646347046,1.0939244031906128,1.0943515300750732,70.62059020996094,70.80956268310547,0.0,2.1017220205976628e-05,0.0,0.004172689281404,274.6661071777344,0.0,274.23883056640625,274.42779541015625,50.0,50.0,281.96929931640625,281.96929931640625,281.9652404785156,275.1681213378906,274.9791564941406,631.2434692382812,278.3203125,68.51521301269531,345.7887268066406,50.0,5.3026628847874235e-06,300.4368591308594,130.20217895507812,0.0,0.0,1700.0,61.075401306152344,0.0,0.0,0.0,61.075401306152344,0.0,0.0,0.0,18088.21875,36134.11328125,0.0,0.0,0.0,56.884769439697266,73.32449340820312,0.0,0.0,0.0
2300.0,0.0,164.90757751464844,0.0003611770516727,1.3298854355525693e-05,0.0,0.0,0.0,1198.136962890625,0.0,2578.063232421875,11.666182518005373,12.681220054626465,7.924896240234375,89.42457580566406,1.3064318895339966,87090.2421875,0.0,0.0,0.0,0.0,28.666303634643555,40.396522521972656,157.07640075683594,497.6333923339844,1.2518129348754885,0.9587286114692688,55.7047119140625,57.09770202636719,1.5162256956100464,1.5220907926559448,0.0,24.11504364013672,28.52689743041992,44.06452941894531,0.0,440.02777099609375,4725289.5,472404.90625,-5.618511199951172,-2.9763338565826416,0.7985478639602661,2.7092745304107666,-6.149999618530273,0.0015593747375532,0.9855939149856568,5.761659145355225,0.0439999997615814,1.0952056646347046,1.0942927598953247,1.094597101211548,70.69709014892578,70.88623046875,0.0,2.1070472939754836e-05,0.0,0.0041914945468306,274.59332275390625,0.0,274.1658020019531,274.35498046875,50.0,50.0,281.8855285644531,281.8855285644531,281.88116455078125,275.0942687988281,274.9051208496094,626.348876953125,278.2408752441406,68.51521301269531,345.7913513183594,50.0,7.545193057012511e-07,300.5462646484375,130.0606231689453,0.0,0.0,1700.0,61.07121658325195,0.0,0.0,0.0,61.07121658325195,0.0,0.0,0.0,18088.21875,36146.28125,0.0,0.0,0.0,56.85699462890625,73.210693359375,0.0,0.0,0.0
2310.0,0.0,165.1595001220703,0.0003630672872532,1.3314933312358336e-05,0.0,0.0,0.0,1197.75830078125,0.0,2578.047119140625,11.649212837219238,12.669764518737791,7.924896240234375,89.68616485595703,1.312425971031189,87451.3203125,0.0,0.0,0.0,0.0,28.46638298034668,40.261138916015625,157.0831298828125,498.87554931640625,1.2518129348754885,0.9587286114692688,55.64554214477539,57.034183502197266,1.514069437980652,1.5197755098342896,0.0,24.11250686645508,28.496885299682617,43.997501373291016,0.0,440.03814697265625,4748288.0,474542.84375,-5.627760887145996,-2.988755464553833,0.7986800074577332,2.7123143672943115,-6.149999618530273,0.0015646263491362,0.9927793741226196,5.798108100891113,0.0439999997615814,1.0952056646347046,1.0942927598953247,1.094597101211548,70.77362060546875,70.9630355834961,0.0,2.112394940922968e-05,0.0,0.0042102825827896,274.51995849609375,0.0,274.0927734375,274.2821350097656,50.0,50.0,281.8016052246094,281.8016052246094,281.7973937988281,275.0205078125,274.83111572265625,621.4542846679688,278.1625061035156,68.51521301269531,345.7941589355469,50.0,3.2854404707904905e-06,300.6502380371094,129.91929626464844,0.0,0.0,1700.0,61.06679916381836,0.0,0.0,0.0,61.06679916381836,0.0,0.0,0.0,18088.21875,36146.28125,0.0,0.0,0.0,56.830780029296875,73.0956039428711,0.0,0.0,0.0
2320.0,0.0,165.43450927734375,0.0003649621212389,1.3331025002116805e-05,0.0,0.0,0.0,1197.38037109375,0.0,2577.996826171875,11.632256507873535,12.658327102661133,7.924896240234375,89.95624542236328,1.318418264389038,87812.0,0.0,0.0,0.0,0.0,28.26663589477539,40.12598419189453,157.10006713867188,500.1163330078125,1.2518129348754885,0.9587286114692688,55.58645248413086,56.97071075439453,1.5119270086288452,1.5175946950912476,0.0,24.10785675048828,28.46337890625,43.93436813354492,0.0,440.0485229492187,4771285.0,476678.75,-5.637017726898193,-3.0011632442474365,0.7988116145133972,2.715333938598633,-6.149999618530273,0.0015699060168117,0.9999842643737792,5.8345866203308105,0.0439999997615814,1.0952056646347046,1.0946614742279053,1.0948429107666016,70.85598754882812,71.0455322265625,0.0,2.1177660528337583e-05,0.0,0.0042290491983294,274.4468994140625,0.0,274.0199890136719,274.20947265625,50.0,50.0,281.71807861328125,281.71807861328125,281.7138977050781,274.94683837890625,274.7572937011719,616.5597534179688,278.08416748046875,68.51521301269531,345.8028259277344,50.0,-3.96863515561563e-06,300.75762939453125,129.7781524658203,0.0,0.0,1700.0,61.052974700927734,0.0,0.0,0.0,61.052974700927734,0.0,0.0,0.0,18088.21875,36158.4609375,0.0,0.0,0.0,56.80556869506836,72.97966003417969,0.0,0.0,0.0
2330.0,0.0,165.7819366455078,0.0003668625722639,1.334714124823222e-05,0.0,0.0,0.0,1197.011962890625,0.0,2576.7412109375,11.615318298339844,12.646917343139648,7.924896240234375,90.3332977294922,1.3244105577468872,88172.2890625,0.0,0.0,0.0,0.0,28.06710624694824,39.99114227294922,157.53346252441406,501.3530578613281,1.2518129348754885,0.9587286114692688,55.527809143066406,56.907657623291016,1.509798288345337,1.5148262977600098,0.0,24.142309188842773,28.508188247680664,43.85422134399414,0.0,440.0588989257813,4794278.5,478812.78125,-5.646537780761719,-3.0135304927825928,0.7989369630813599,2.718055486679077,-6.149999618530273,0.001575214206241,1.0072089433670044,5.871124267578125,0.0439999997615814,1.0952056646347046,1.0946614742279053,1.0948429107666016,71.14183044433594,71.3315200805664,0.0,2.123160447808914e-05,0.0,0.0042478162795305,274.3808288574219,0.0,273.9502258300781,274.1399230957031,50.0,50.0,281.63848876953125,281.63848876953125,281.634765625,274.8770446777344,274.6873779296875,611.6653442382812,278.01123046875,68.51521301269531,346.0188903808594,50.0,-4.149240339756943e-06,300.9075012207031,129.637939453125,0.0,0.0,1700.0,60.70920944213867,0.0,0.0,0.0,60.70920944213867,0.0,0.0,0.0,18088.21875,36158.4609375,0.0,0.0,0.0,56.781890869140625,72.86298370361328,0.0,0.0,0.0
2340.0,0.0,166.1168975830078,0.0003687733842525,1.3363339348870795e-05,0.0,0.0,0.0,1196.64794921875,0.0,2574.987548828125,11.598408699035645,12.635549545288086,7.924896240234375,90.76626586914062,1.330403208732605,88532.1875,0.0,0.0,0.0,0.0,27.867977142333984,39.85678482055664,158.12069702148438,502.578857421875,1.2518129348754885,0.9587286114692688,55.47063827514648,56.84602355957031,1.507683277130127,1.5126596689224243,0.0,24.18479347229004,28.572751998901367,43.79149627685547,0.0,440.06927490234375,4817270.0,480944.84375,-5.656081199645996,-3.0257885456085205,0.7990528345108032,2.720654010772705,-6.149999618530273,0.0015805505681782,1.0144529342651367,5.9078450202941895,0.0439999997615814,1.0952056646347046,1.095030426979065,1.0950888395309448,71.50634765625,71.69627380371094,0.0,2.128577762050554e-05,0.0,0.0042666727676987,274.3175964355469,0.0,273.8854675292969,274.0753479003906,50.0,50.0,281.56488037109375,281.56488037109375,281.56121826171875,274.81341552734375,274.62347412109375,606.772216796875,277.94281005859375,68.51521301269531,346.31976318359375,50.0,3.691634447022807e-06,301.07958984375,129.50125122070312,0.0,0.0,1700.0,60.23054504394531,0.0,0.0,0.0,60.23054504394531,0.0,0.0,0.0,18088.21875,36170.6484375,0.0,0.0,0.0,56.76369857788086,72.74431610107422,0.0,0.0,0.0
2350.0,0.0,166.4119415283203,0.0003706935676746,1.33796038426226e-05,0.0,0.0,0.0,1196.28515625,0.0,2573.22802734375,11.581522941589355,12.624221801757812,7.924896240234375,91.19622039794922,1.336396098136902,88891.7265625,0.0,0.0,0.0,0.0,27.669153213500977,39.72290802001953,158.7076416015625,503.7934875488281,1.2518129348754885,0.9587286114692688,55.414642333984375,56.78561782836914,1.505581259727478,1.510535478591919,0.0,24.2192440032959,28.622211456298828,43.730003356933594,0.0,440.07965087890625,4840259.5,483074.9375,-5.66552734375,-3.0379350185394287,0.7991682887077332,2.723238945007324,-6.149999618530273,0.001585915335454,1.0217161178588867,5.944717884063721,0.0439999997615814,1.0952056646347046,1.095030426979065,1.0950888395309448,71.86991882324219,72.0599365234375,0.0,2.134017449861858e-05,0.0,0.0042855972424149,274.2545166015625,0.0,273.82171630859375,274.0116882324219,50.0,50.0,281.49163818359375,281.49163818359375,281.48797607421875,274.75048828125,274.5604553222656,601.8804321289062,277.8746643066406,68.51521301269531,346.6203918457031,50.0,-2.2365859422279755e-06,301.2505187988281,129.3673858642578,0.0,0.0,1700.0,59.752201080322266,0.0,0.0,0.0,59.752201080322266,0.0,0.0,0.0,18088.21875,36170.6484375,0.0,0.0,0.0,56.74708557128906,72.6269302368164,0.0,0.0,0.0
2360.0,0.0,166.74305725097656,0.0003726223367266,1.339592745353002e-05,0.0,0.0,0.0,1195.9229736328125,0.0,2571.4619140625,11.564661026000977,12.61293125152588,7.924896240234375,91.62167358398438,1.3423888683319092,89250.8828125,0.0,0.0,0.0,0.0,27.470603942871097,39.5894660949707,159.29476928710938,504.9971008300781,1.2518129348754885,0.9587286114692688,55.35960006713867,56.72625350952149,1.5034925937652588,1.50842547416687,0.0,24.246511459350582,28.656766891479492,43.66891860961914,0.0,440.0900268554687,4863247.5,485203.0625,-5.674870014190674,-3.049970865249634,0.799283504486084,2.7258172035217285,-6.149999618530273,0.0015913085080683,1.028998851776123,5.981724262237549,0.0439999997615814,1.0952056646347046,1.0953993797302246,1.0953348875045776,72.23348236083984,72.42367553710938,0.0,2.1394811483332887e-05,0.0,0.0043045752681791,274.19146728515625,0.0,273.75830078125,273.9485168457031,50.0,50.0,281.41845703125,281.41845703125,281.4148254394531,274.68768310546875,274.49749755859375,596.9898681640625,277.8065490722656,68.51521301269531,346.9211730957031,50.0,-5.0873049985966645e-06,301.41961669921875,129.23580932617188,0.0,0.0,1700.0,59.2736930847168,0.0,0.0,0.0,59.2736930847168,0.0,0.0,0.0,18088.21875,36182.8359375,0.0,0.0,0.0,56.73053359985352,72.51181030273438,0.0,0.0,0.0
2370.0,0.0,167.17466735839844,0.0003745591384358,1.3412303815130144e-05,0.0,0.0,0.0,1195.5677490234375,0.0,2569.69189453125,11.547819137573242,12.601672172546388,7.924896240234375,92.04476928710938,1.348381280899048,89609.6796875,0.0,0.0,0.0,0.0,27.27229881286621,39.45641326904297,159.88084411621094,506.1896667480469,1.2518129348754885,0.9587286114692688,55.305381774902344,56.66775894165039,1.5014171600341797,1.5063368082046509,0.0,24.26984405517578,28.680862426757812,43.60845184326172,0.0,440.1004028320313,4886232.0,487329.28125,-5.684114933013916,-3.061896800994873,0.7993984222412109,2.7283830642700195,-6.149999618530273,0.001596730435267,1.0363010168075562,6.018848419189453,0.0439999997615814,1.0979714393615725,1.0953993797302246,1.0962567329406738,72.59745788574219,72.78679656982422,0.0,2.1449679479701445e-05,0.0,0.0043235966004431,274.1285400390625,0.0,273.6960144042969,273.8853759765625,50.0,50.0,281.3454895019531,281.3454895019531,281.34185791015625,274.62396240234375,274.43463134765625,592.1007080078125,277.73858642578125,68.51521301269531,347.2214050292969,50.0,3.6666501728177536e-06,301.5877990722656,129.10623168945312,0.0,0.0,1700.0,58.79596328735352,0.0,0.0,0.0,58.79596328735352,0.0,0.0,0.0,18133.8984375,36182.8359375,0.0,0.0,0.0,56.71504211425781,72.39762878417969,0.0,0.0,0.0
2380.0,0.0,167.50701904296875,0.0003765032743103,1.3428724741970656e-05,0.0,0.0,0.0,1195.209716796875,0.0,2567.922119140625,11.530994415283203,12.590445518493652,7.924896240234375,92.46508026123048,1.3543721437454224,89968.1171875,0.0,0.0,0.0,0.0,27.074188232421875,39.32375717163086,160.46475219726562,507.3712463378906,1.2518129348754885,0.9587286114692688,55.25185775756836,56.610069274902344,1.499354600906372,1.5042409896850586,0.0,24.289501190185547,28.7010440826416,43.54777526855469,0.0,440.11077880859375,4909214.5,489453.53125,-5.69327974319458,-3.0737123489379883,0.799512505531311,2.7309200763702393,-6.149999618530273,0.0016021808842197,1.0436221361160278,6.056077480316162,0.0439999997615814,1.0979714393615725,1.0957683324813845,1.0965027809143066,72.95919036865234,73.14842987060547,0.0,2.150477666873485e-05,0.0,0.0043426500633358,274.0661315917969,0.0,273.633544921875,273.82281494140625,50.0,50.0,281.2730712890625,281.2730712890625,281.26947021484375,274.5614013671875,274.3721618652344,587.2129516601562,277.6711730957031,68.51521301269531,347.5205993652344,50.0,1.6786045762273716e-06,301.7548522949219,128.9783172607422,0.0,0.0,1700.0,58.31999206542969,0.0,0.0,0.0,58.31999206542969,0.0,0.0,0.0,18133.8984375,36195.0234375,0.0,0.0,0.0,56.69847106933594,72.28620147705078,0.0,0.0,0.0
2390.0,0.0,167.84048461914062,0.000378454598831,1.344518932455685e-05,0.0,0.0,0.0,1194.85400390625,0.0,2566.151611328125,11.514187812805176,12.579248428344728,7.924896240234375,92.88274383544922,1.3603630065917969,90326.203125,0.0,0.0,0.0,0.0,26.87628746032715,39.19145965576172,161.04672241210938,508.5419006347656,1.2518129348754885,0.9587286114692688,55.198944091796875,56.55308532714844,1.4973046779632568,1.5021451711654663,0.0,24.30683326721191,28.71615219116211,43.48710250854492,0.0,440.12115478515625,4932195.0,491575.875,-5.702358722686768,-3.085418939590454,0.7996259331703186,2.733433961868286,-6.149999618530273,0.0016076603205874,1.0509623289108276,6.09340238571167,0.0439999997615814,1.0979714393615725,1.096137523651123,1.096748948097229,73.31953430175781,73.50897979736328,0.0,2.156011396436952e-05,0.0,0.0043617314659059,274.004150390625,0.0,273.5711364746094,273.7605285644531,50.0,50.0,281.2010192871094,281.2010192871094,281.19744873046875,274.49920654296875,274.30975341796875,582.326416015625,277.6040954589844,68.51521301269531,347.8187561035156,50.0,-8.871359682416369e-07,301.9208984375,128.85186767578125,0.0,0.0,1700.0,57.84560012817383,0.0,0.0,0.0,57.84560012817383,0.0,0.0,0.0,18133.8984375,36207.21875,0.0,0.0,0.0,56.68107986450195,72.17707061767578,0.0,0.0,0.0
2400.0,0.0,168.13340759277344,0.0003804128500632,1.346169756288873e-05,0.0,0.0,0.0,1194.5006103515625,0.0,2564.380615234375,11.497397422790527,12.568079948425291,7.924896240234375,93.29784393310548,1.3663538694381714,90683.9375,0.0,0.0,0.0,0.0,26.678560256958008,39.05949401855469,161.62684631347656,509.70172119140625,1.2518129348754885,0.9587286114692688,55.14661407470703,56.49675750732422,1.495267629623413,1.500084638595581,0.0,24.32247543334961,28.727142333984375,43.427452087402344,0.0,440.1315307617187,4955172.5,493696.21875,-5.711354732513428,-3.097017288208008,0.7997385263442993,2.7359235286712646,-6.149999618530273,0.0016131681622937,1.058321475982666,6.13082218170166,0.0439999997615814,1.0979714393615725,1.096137523651123,1.096748948097229,73.6784896850586,73.86800384521484,0.0,2.1615678633679636e-05,0.0,0.0043808380141854,273.9425964355469,0.0,273.5093994140625,273.69879150390625,50.0,50.0,281.12957763671875,281.12957763671875,281.1260070800781,274.4375,274.24798583984375,577.4412841796875,277.53759765625,68.51521301269531,348.1159973144531,50.0,-1.877130785032932e-06,302.0859069824219,128.72682189941406,0.0,0.0,1700.0,57.37272262573242,0.0,0.0,0.0,57.37272262573242,0.0,0.0,0.0,18133.8984375,36207.21875,0.0,0.0,0.0,56.663230895996094,72.06981658935547,0.0,0.0,0.0
